0 0 0
1 0 0
2 0 0
3 0 0
4 0 0
5 0 0
6 0 0
7 0 0
8 0 0
9 0 0
10 0 0
11 0 0
12 0 0
13 0 0
14 0 0
15 0 0
16 0 0
17 0 0
18 0 0
19 0 0
20 0 0
21 0 0
22 0 0
23 0 0
24 0 0
25 0 0
26 0 0
27 0 0
28 0 0
29 0 0
30 0 0
31 0 0
32 0 0
33 0 0
34 0 0
35 0 0
36 0 0
37 0 0
38 0 0
39 0 0
40 0 0
41 0 0
42 0 0
43 0 0
44 0 0
45 0 0
46 0 0
47 0 0
48 0 0
49 0 0
50 0 0
51 0 0
52 0 0
53 0 0
54 0 0
55 0 0
56 0 0
57 0 0
58 0 0
59 0 0
60 0 0
61 0 0
62 0 33
63 0 25
64 0 25
65 0 25
66 0 25
67 0 25
68 0 20
69 0 16
70 0 16
71 0 16
72 0 16
73 0 16
74 0 16
75 0 16
76 0 14
77 0 14
78 0 14
79 0 12
80 0 12
81 0 12
82 0 12
83 0 12
84 0 12
85 0 12
86 0 12
87 0 12
88 0 12
89 0 12
90 0 12
91 0 12
92 0 12
93 0 12
94 0 12
95 0 12
96 0 12
97 0 22
98 0 22
99 0 22
100 0 22
101 0 22
102 0 22
103 0 22
104 0 22
105 0 20
106 0 20
107 0 20
108 0 20
109 0 18
110 0 18
111 0 18
112 0 18
113 0 25
114 0 25
115 0 25
116 0 30
117 0 30
118 0 30
119 0 30
120 0 30
121 0 30
122 0 30
123 0 30
124 0 30
125 0 30
126 0 30
127 0 30
128 0 30
129 0 30
130 0 30
131 0 30
132 0 30
133 0 30
134 0 28
135 0 28
136 0 28
137 0 28
138 0 28
139 0 28
140 0 28
141 0 28
142 0 28
143 0 28
144 0 28
145 0 28
146 0 28
147 0 28
148 0 28
149 0 28
150 0 28
151 0 28
152 0 28
153 0 28
154 0 28
155 0 28
156 0 28
157 0 28
158 0 28
159 0 28
160 0 28
161 0 28
162 0 28
163 0 28
164 0 28
165 0 28
166 0 28
167 0 28
168 0 28
169 0 28
170 0 28
171 0 28
172 0 28
173 0 33
174 0 33
175 0 33
176 0 33
177 0 33
178 0 33
179 0 33
180 0 33
181 0 33
182 0 33
183 0 33
184 0 33
185 0 33
186 0 33
187 0 33
188 0 33
189 0 33
190 0 33
191 0 33
192 0 33
193 0 33
194 0 33
195 0 33
196 0 33
197 0 33
198 0 33
199 0 33
200 0 33
201 0 33
202 0 33
203 0 33
204 0 33
205 0 33
206 0 33
207 0 33
208 0 33
209 0 33
210 0 33
211 0 33
212 0 33
213 0 33
214 0 33
215 0 33
216 0 33
217 0 33
218 0 33
219 0 33
220 0 33
221 0 33
222 0 33
223 0 31
224 0 31
225 0 31
226 0 31
227 0 31
228 0 31
229 0 31
230 0 31
231 0 31
232 0 31
233 0 31
234 0 31
235 0 31
236 0 31
237 0 31
238 0 29
239 0 29
240 0 29
241 0 29
242 0 29
243 0 29
244 0 29
245 0 29
246 0 29
247 0 29
248 0 29
249 0 29
250 0 29
251 0 29
252 0 29
253 0 29
254 0 29
255 0 29
256 0 29
257 0 29
258 0 29
259 0 29
260 0 29
261 0 27
262 0 27
263 0 27
264 0 27
265 0 27
266 0 27
267 0 27
268 0 27
269 0 27
270 0 27
271 0 27
272 0 27
273 0 27
274 0 27
275 0 27
276 0 27
277 0 27
278 0 27
279 0 27
280 0 27
281 0 27
282 0 27
283 0 27
284 0 27
285 0 27
286 0 27
287 0 27
288 0 27
289 0 27
290 0 27
291 0 27
292 0 27
293 0 27
294 0 27
295 0 27
296 0 27
297 0 27
298 0 27
299 0 27
300 0 27
301 0 27
302 0 27
303 0 27
304 0 27
305 0 27
306 0 27
307 0 27
308 0 27
309 0 27
310 0 27
311 0 27
312 0 27
313 0 27
314 0 27
315 0 27
316 0 27
317 0 27
318 0 26
319 0 26
320 0 26
321 0 26
322 0 26
323 0 25
324 0 25
325 0 25
326 0 25
327 0 25
328 0 25
329 0 25
330 0 25
331 0 25
332 0 25
333 0 25
334 0 25
335 0 25
336 0 25
337 0 25
338 0 25
339 0 25
340 1 23
341 1 27
342 1 27
343 1 26
344 1 26
345 1 26
346 1 26
347 1 26
348 1 26
349 1 26
350 1 29
351 1 29
352 1 29
353 1 28
354 1 28
355 1 28
356 1 28
357 1 28
358 1 30
359 1 30
360 1 30
361 1 30
362 1 30
363 1 30
364 1 30
365 1 30
366 1 30
367 1 30
368 1 30
369 1 30
370 1 30
371 1 30
372 1 30
373 1 29
374 1 29
375 1 29
376 1 29
377 1 29
378 1 29
379 1 29
380 1 29
381 1 29
382 1 28
383 1 28
384 1 27
385 1 27
386 1 26
387 1 26
388 1 26
389 1 25
390 1 25
391 1 25
392 1 25
393 1 25
394 1 25
395 1 25
396 1 25
397 1 25
398 1 25
399 1 25
400 1 25
401 1 24
402 1 24
403 1 24
404 1 23
405 1 22
406 1 22
407 1 22
408 1 22
409 1 22
410 1 22
411 1 22
412 1 22
413 1 22
414 1 22
415 1 22
416 1 22
417 1 22
418 1 22
419 1 22
420 1 22
421 1 22
422 1 22
423 1 21
424 1 21
425 1 21
426 1 21
427 1 21
428 1 21
429 1 21
430 1 21
431 1 21
432 1 21
433 1 21
434 1 21
435 1 21
436 1 21
437 1 21
438 1 21
439 1 23
440 1 23
441 1 23
442 1 23
443 1 23
444 1 23
445 1 23
446 1 23
447 1 23
448 1 25
449 1 25
450 1 25
451 1 25
452 1 25
453 1 25
454 1 25
455 2 25
456 2 25
457 2 26
458 2 26
459 2 26
460 2 26
461 2 26
462 2 26
463 2 26
464 2 26
465 2 26
466 2 27
467 2 27
468 2 27
469 2 27
470 2 27
471 2 27
472 2 26
473 2 26
474 2 28
475 2 27
476 2 27
477 2 27
478 2 27
479 2 28
480 2 28
481 2 30
482 2 30
483 2 30
484 2 30
485 2 30
486 2 30
487 2 30
488 2 29
489 2 28
490 2 28
491 2 28
492 2 28
493 2 28
494 2 28
495 2 28
496 2 28
497 2 28
498 2 28
499 2 28
500 2 28
501 2 28
502 2 28
503 2 28
504 2 30
505 2 30
506 2 30
507 2 30
508 2 30
509 2 30
510 2 30
511 2 30
512 2 30
513 2 30
514 2 30
515 2 30
516 2 30
517 2 30
518 2 30
519 2 30
520 2 31
521 2 31
522 2 31
523 2 31
524 2 30
525 2 32
526 2 32
527 2 32
528 2 33
529 2 33
530 2 33
531 3 33
532 3 33
533 3 32
534 3 33
535 3 35
536 3 35
537 3 35
538 3 35
539 3 35
540 3 35
541 3 35
542 3 35
543 3 35
544 3 36
545 3 36
546 3 36
547 3 36
548 3 37
549 3 37
550 3 37
551 3 37
552 3 37
553 3 37
554 3 36
555 3 36
556 3 37
557 3 37
558 3 37
559 3 38
560 4 38
561 4 38
562 4 39
563 4 39
564 4 39
565 4 39
566 4 39
567 4 39
568 4 40
569 4 40
570 4 39
571 4 39
572 4 39
573 4 39
574 4 39
575 4 40
576 4 40
577 4 40
578 4 40
579 4 40
580 4 40
581 4 41
582 5 41
583 5 42
584 5 42
585 5 42
586 5 42
587 5 41
588 5 41
589 5 42
590 5 43
591 5 44
592 5 44
593 5 44
594 5 44
595 5 44
596 5 44
597 5 45
598 5 46
599 5 46
600 5 46
601 5 46
602 5 47
603 5 47
604 6 47
605 6 47
606 6 46
607 6 46
608 6 46
609 6 46
610 6 46
611 6 46
612 6 46
613 6 46
614 6 46
615 6 47
616 6 47
617 6 47
618 6 48
619 7 48
620 7 48
621 7 48
622 7 47
623 7 47
624 7 47
625 7 47
626 7 47
627 7 47
628 7 47
629 7 47
630 7 47
631 7 47
632 8 47
633 8 47
634 8 47
635 8 47
636 8 48
637 8 48
638 8 48
639 8 48
640 8 48
641 8 48
642 8 49
643 8 49
644 8 49
645 8 49
646 8 50
647 8 49
648 9 50
649 9 50
650 9 50
651 9 50
652 9 50
653 9 50
654 10 49
655 10 50
656 10 50
657 10 51
658 11 51
659 11 51
660 11 51
661 11 51
662 11 52
663 11 52
664 11 52
665 11 52
666 11 52
667 12 52
668 12 52
669 12 52
670 13 52
671 13 52
672 13 52
673 13 52
674 13 53
675 13 53
676 13 53
677 13 53
678 14 53
679 14 54
680 14 54
681 14 54
682 14 54
683 14 54
684 16 54
685 17 55
686 17 55
687 17 55
688 18 55
689 18 55
690 19 55
691 19 55
692 20 56
693 22 56
694 24 56
695 30 57
696 31 57
697 32 57
698 33 57
699 34 57
700 35 58
701 43 58
702 49 58
703 100 58
