$wmc,$dit,$noc,$cbo,$rfc,$lcom,$ca,$ce,$npm,$lcom3,$loc,$dam,$moa,$mfa,$cam,$ic,$cbm,$amc,$max_cc,$avg_cc,$<bug
2,1,0,6,3,1,4,2,2,2.0,7,0.0,0,0.0,0.75,0,0,2.5,1,0.5,1
3,1,0,7,3,3,5,3,3,2.0,3,0.0,0,0.0,0.5,0,0,0.0,1,1.0,0
5,1,0,4,5,10,2,2,5,2.0,5,0.0,0,0.0,0.5,0,0,0.0,1,1.0,1
5,1,0,4,5,10,2,2,5,2.0,5,0.0,0,0.0,0.5,0,0,0.0,1,1.0,0
5,1,0,4,5,10,2,2,5,2.0,5,0.0,0,0.0,0.5,0,0,0.0,1,1.0,0
3,3,0,4,4,3,0,4,3,2.0,9,0.0,0,0.95,0.5,1,6,2.0,1,0.6667,0
3,3,0,4,4,3,0,4,3,2.0,9,0.0,0,0.95,0.5,1,6,2.0,1,0.6667,0
3,3,0,4,4,3,0,4,3,2.0,9,0.0,0,0.95,0.5,1,6,2.0,1,0.6667,1
3,3,0,4,4,3,0,4,3,2.0,9,0.0,0,0.95,0.5,1,6,2.0,1,0.6667,1
3,3,0,4,4,3,0,4,3,2.0,9,0.0,0,0.95,0.5,1,6,2.0,1,0.6667,0
1,4,0,0,2,0,0,0,1,2.0,5,0.0,0,1.0,1.0,0,0,3.0,0,0.0,1
2,3,0,3,4,1,1,3,1,2.0,12,0.0,0,0.971428571,0.666666667,1,1,4.5,1,0.5,0
2,3,0,3,4,1,1,3,1,2.0,12,0.0,0,0.972222222,0.666666667,1,1,4.5,1,0.5,0
2,3,0,4,4,1,0,4,1,2.0,11,0.0,0,0.941176471,0.666666667,1,1,4.5,1,0.5,0
2,3,0,4,4,1,0,4,1,2.0,11,0.0,0,0.958333333,0.666666667,1,1,4.5,1,0.5,0
2,3,0,4,4,1,0,4,1,2.0,11,0.0,0,0.971428571,0.666666667,1,1,4.5,1,0.5,0
2,3,0,4,4,1,0,4,1,2.0,11,0.0,0,0.971428571,0.666666667,1,1,4.5,1,0.5,0
2,3,0,4,4,1,0,4,1,2.0,9,0.0,0,0.916666667,0.75,1,1,3.5,1,0.5,0
2,3,0,4,4,1,0,4,1,2.0,9,0.0,0,0.916666667,0.75,1,1,3.5,1,0.5,0
2,3,0,4,4,1,0,4,1,2.0,9,0.0,0,0.916666667,0.75,1,1,3.5,1,0.5,0
2,3,0,4,4,1,0,4,1,2.0,9,0.0,0,0.923076923,0.75,1,1,3.5,1,0.5,1
2,3,0,4,4,1,0,4,1,2.0,9,0.0,0,0.923076923,0.75,1,1,3.5,1,0.5,1
2,3,0,4,4,1,0,4,1,2.0,9,0.0,0,0.923076923,0.75,1,1,3.5,1,0.5,1
2,1,0,5,2,1,1,4,2,2.0,2,0.0,0,0.0,0.666666667,0,0,0.0,1,1.0,1
0,1,0,11,0,0,10,1,0,2.0,0,0.0,0,0.0,0.0,0,0,0.0,0,0.0,0
2,2,0,2,3,1,2,2,2,2.0,8,0.0,0,0.888888889,0.625,0,0,3.0,1,0.5,0
2,1,0,10,2,1,10,1,2,2.0,2,0.0,0,0.0,0.666666667,0,0,0.0,1,1.0,0
2,1,0,10,2,1,10,1,2,2.0,2,0.0,0,0.0,0.666666667,0,0,0.0,1,1.0,0
2,1,0,10,2,1,10,1,2,2.0,2,0.0,0,0.0,0.75,0,0,0.0,1,1.0,1
0,1,0,5,0,0,3,2,0,2.0,0,0.0,0,0.0,0.0,0,0,0.0,0,0.0,1
4,1,0,2,4,6,1,1,4,2.0,4,0.0,0,0.0,0.75,0,0,0.0,1,1.0,0
2,5,0,4,4,1,3,1,2,2.0,11,0.0,0,1.0,0.833333333,0,0,4.5,0,0.0,0
1,6,0,2,2,0,1,1,1,2.0,5,0.0,0,1.0,1.0,0,0,3.0,0,0.0,1
2,4,0,3,4,1,2,1,2,2.0,12,1.0,0,1.0,0.833333333,0,0,4.5,0,0.0,0
1,4,3,4,2,0,4,0,1,2.0,7,1.0,0,1.0,1.0,0,0,5.0,0,0.0,0
1,4,3,4,2,0,4,0,1,2.0,7,1.0,0,1.0,1.0,0,0,5.0,0,0.0,0
1,4,3,4,2,0,4,0,1,2.0,7,1.0,0,1.0,1.0,0,0,5.0,0,0.0,0
1,4,2,3,2,0,3,0,1,2.0,7,1.0,0,1.0,1.0,0,0,5.0,0,0.0,0
1,4,2,3,2,0,3,0,1,2.0,7,1.0,0,1.0,1.0,0,0,5.0,0,0.0,0
1,4,2,3,2,0,3,0,1,2.0,7,1.0,0,1.0,1.0,0,0,5.0,0,0.0,0
4,1,0,4,4,6,4,0,4,2.0,4,0.0,0,0.0,0.5,0,0,0.0,1,1.0,0
3,1,0,4,3,3,3,1,3,2.0,3,0.0,0,0.0,0.777777778,0,0,0.0,1,1.0,1
1,4,0,1,2,0,0,1,1,2.0,4,0.0,0,1.0,1.0,0,0,3.0,0,0.0,1
1,4,0,1,2,0,0,1,1,2.0,4,0.0,0,1.0,1.0,0,0,3.0,0,0.0,1
1,4,0,1,2,0,0,1,1,2.0,4,0.0,0,1.0,1.0,0,0,3.0,0,0.0,1
1,4,0,0,2,0,0,0,1,2.0,4,0.0,0,1.0,1.0,0,0,3.0,0,0.0,0
1,4,0,0,2,0,0,0,1,2.0,4,0.0,0,1.0,1.0,0,0,3.0,0,0.0,1
1,4,0,0,2,0,0,0,1,2.0,4,0.0,0,1.0,1.0,0,0,3.0,0,0.0,0
1,4,0,1,2,0,0,1,1,2.0,4,0.0,0,1.0,1.0,0,0,3.0,0,0.0,0
1,4,0,1,2,0,0,1,1,2.0,4,0.0,0,1.0,1.0,0,0,3.0,0,0.0,0
1,4,0,1,2,0,0,1,1,2.0,4,0.0,0,1.0,1.0,0,0,3.0,0,0.0,0
1,4,0,1,2,0,0,1,1,2.0,4,0.0,0,1.0,1.0,0,0,3.0,0,0.0,1
1,4,0,1,2,0,0,1,1,2.0,4,0.0,0,1.0,1.0,0,0,3.0,0,0.0,1
1,4,0,1,2,0,0,1,1,2.0,4,0.0,0,1.0,1.0,0,0,3.0,0,0.0,1
1,4,0,1,2,0,0,1,1,2.0,4,0.0,0,1.0,1.0,0,0,3.0,0,0.0,1
2,1,0,4,2,1,2,2,2,2.0,2,0.0,0,0.0,0.666666667,0,0,0.0,1,1.0,0
2,1,0,4,2,1,2,2,2,2.0,2,0.0,0,0.0,0.666666667,0,0,0.0,1,1.0,0
0,1,0,3,0,0,1,2,0,2.0,0,0.0,0,0.0,0.0,0,0,0.0,0,0.0,1
0,1,0,3,0,0,1,2,0,2.0,0,0.0,0,0.0,0.0,0,0,0.0,0,0.0,1
4,1,0,2,4,6,1,1,4,2.0,4,0.0,0,0.0,0.75,0,0,0.0,1,1.0,0
4,1,0,2,4,6,1,1,4,2.0,4,0.0,0,0.0,0.75,0,0,0.0,1,1.0,0
2,2,0,4,3,1,3,1,2,2.0,10,0.0,0,0.75,0.666666667,1,1,3.5,1,0.5,0
2,2,0,2,3,1,1,1,2,2.0,10,0.0,0,0.75,0.666666667,1,1,3.5,1,0.5,0
3,3,0,4,4,3,0,4,3,2.0,9,0.0,0,0.95,0.5,1,6,2.0,1,0.6667,0
2,1,0,4,2,1,2,2,2,2.0,2,0.0,0,0.0,0.75,0,0,0.0,1,1.0,0
2,1,0,5,2,1,4,1,2,2.0,2,0.0,0,0.0,0.625,0,0,0.0,1,1.0,0
3,1,1,5,4,3,5,0,0,2.0,6,0.0,0,0.0,1.0,0,0,1.0,1,0.6667,0
2,1,0,3,4,1,0,3,2,1.0,12,0.0,1,0.0,0.666666667,0,0,4.5,1,0.5,1
2,3,0,5,4,1,1,4,2,2.0,10,0.0,0,0.857142857,0.75,0,0,4.0,1,0.5,0
2,3,0,5,4,1,1,4,2,2.0,10,0.0,0,0.857142857,0.75,0,0,4.0,1,0.5,0
0,1,0,5,0,0,4,1,0,2.0,0,0.0,0,0.0,0.0,0,0,0.0,0,0.0,0
0,1,0,0,0,0,0,0,0,2.0,0,0.0,0,0.0,0.0,0,0,0.0,0,0.0,0
1,3,0,1,2,0,0,1,1,2.0,5,0.0,0,1.0,1.0,0,0,3.0,0,0.0,1
2,2,0,3,4,1,0,3,2,2.0,10,0.0,0,0.666666667,0.666666667,0,0,4.0,1,0.5,0
2,2,0,3,4,1,0,3,2,2.0,10,0.0,0,0.666666667,0.666666667,0,0,4.0,1,0.5,0
2,2,0,3,4,1,0,3,2,2.0,10,0.0,0,0.666666667,0.666666667,0,0,4.0,1,0.5,0
2,2,0,4,3,1,1,3,1,2.0,6,0.0,0,0.9,0.75,0,0,2.0,1,0.5,0
2,2,0,4,3,1,1,3,1,2.0,6,0.0,0,0.9,0.75,0,0,2.0,1,0.5,0
2,2,0,4,4,1,1,3,2,2.0,10,0.0,0,0.75,0.75,0,0,4.0,1,0.5,0
2,2,0,4,4,1,1,3,2,2.0,10,0.0,0,0.666666667,0.666666667,0,0,4.0,1,0.5,0
2,5,0,2,3,1,0,2,2,2.0,6,0.0,0,0.995833333,0.75,1,1,2.0,1,0.5,0
3,1,0,3,3,3,2,1,3,2.0,3,0.0,0,0.0,0.666666667,0,0,0.0,1,1.0,0
3,1,0,2,3,3,2,0,3,2.0,3,0.0,0,0.0,0.5,0,0,0.0,1,1.0,0
3,1,0,2,3,3,2,0,3,2.0,3,0.0,0,0.0,0.5,0,0,0.0,1,1.0,0
3,1,0,2,3,3,2,0,3,2.0,3,0.0,0,0.0,0.5,0,0,0.0,1,1.0,1
2,1,0,2,2,1,2,0,2,2.0,2,0.0,0,0.0,0.75,0,0,0.0,1,1.0,1
2,1,0,2,2,1,2,0,2,2.0,2,0.0,0,0.0,0.75,0,0,0.0,1,1.0,0
2,1,0,2,2,1,2,0,2,2.0,2,0.0,0,0.0,0.75,0,0,0.0,1,1.0,0
2,1,0,2,2,1,2,0,2,2.0,2,0.0,0,0.0,0.625,0,0,0.0,1,1.0,0
4,1,0,2,4,6,1,1,4,2.0,4,0.0,0,0.0,0.75,0,0,0.0,1,1.0,0
2,1,0,2,2,1,2,1,2,2.0,2,0.0,0,0.0,0.75,0,0,0.0,1,1.0,0
2,1,0,2,2,1,2,1,2,2.0,2,0.0,0,0.0,0.75,0,0,0.0,1,1.0,0
2,1,0,2,2,1,2,1,2,2.0,2,0.0,0,0.0,0.75,0,0,0.0,1,1.0,0
2,1,0,2,2,1,1,1,2,2.0,2,0.0,0,0.0,0.666666667,0,0,0.0,1,1.0,0
2,1,0,2,2,1,1,1,2,2.0,2,0.0,0,0.0,0.666666667,0,0,0.0,1,1.0,0
2,1,0,2,2,1,1,1,2,2.0,2,0.0,0,0.0,0.75,0,0,0.0,1,1.0,0
2,1,0,2,2,1,1,1,2,2.0,2,0.0,0,0.0,0.75,0,0,0.0,1,1.0,0
2,1,0,2,2,1,1,1,2,2.0,2,0.0,0,0.0,0.75,0,0,0.0,1,1.0,0
2,1,0,2,2,1,1,1,2,2.0,2,0.0,0,0.0,0.75,0,0,0.0,1,1.0,0
2,1,0,2,2,1,1,1,2,2.0,2,0.0,0,0.0,0.666666667,0,0,0.0,1,1.0,0
2,1,0,2,2,1,1,1,2,2.0,2,0.0,0,0.0,0.666666667,0,0,0.0,1,1.0,0
2,1,0,2,2,1,1,1,2,2.0,2,0.0,0,0.0,0.666666667,0,0,0.0,1,1.0,0
2,1,0,2,2,1,1,1,2,2.0,2,0.0,0,0.0,0.666666667,0,0,0.0,1,1.0,1
2,1,0,2,2,1,2,0,2,2.0,2,0.0,0,0.0,0.666666667,0,0,0.0,1,1.0,0
2,1,0,2,2,1,2,0,2,2.0,2,0.0,0,0.0,0.666666667,0,0,0.0,1,1.0,0
2,1,0,2,2,1,2,0,2,2.0,2,0.0,0,0.0,0.666666667,0,0,0.0,1,1.0,1
0,1,0,0,0,0,0,0,0,2.0,0,0.0,0,0.0,0.0,0,0,0.0,0,0.0,0
2,1,0,4,2,1,2,2,2,2.0,2,0.0,0,0.0,0.625,0,0,0.0,1,1.0,1
0,1,0,0,0,0,0,0,0,2.0,0,0.0,0,0.0,0.0,0,0,0.0,0,0.0,0
0,1,0,0,0,0,0,0,0,2.0,0,0.0,0,0.0,0.0,0,0,0.0,0,0.0,0
0,1,0,0,0,0,0,0,0,2.0,0,0.0,0,0.0,0.0,0,0,0.0,0,0.0,0
0,1,0,0,0,0,0,0,0,2.0,0,0.0,0,0.0,0.0,0,0,0.0,0,0.0,0
0,1,0,0,0,0,0,0,0,2.0,0,0.0,0,0.0,0.0,0,0,0.0,0,0.0,0
2,1,0,4,2,1,2,2,2,2.0,2,0.0,0,0.0,0.625,0,0,0.0,1,1.0,0
0,1,0,0,0,0,0,0,0,2.0,0,0.0,0,0.0,0.0,0,0,0.0,0,0.0,0
0,1,0,0,0,0,0,0,0,2.0,0,0.0,0,0.0,0.0,0,0,0.0,0,0.0,0
3,2,0,2,6,3,0,2,1,2.0,12,0.0,0,0.714285714,0.666666667,1,2,3.0,1,0.6667,1
3,2,0,2,6,3,0,2,1,2.0,12,0.0,0,0.714285714,0.666666667,1,2,3.0,1,0.6667,1
3,2,0,2,6,3,0,2,1,2.0,12,0.0,0,0.714285714,0.666666667,1,2,3.0,1,0.6667,1
3,2,0,2,6,3,0,2,1,2.0,12,0.0,0,0.714285714,0.666666667,1,2,3.0,1,0.6667,1
3,2,0,2,6,3,0,2,1,2.0,12,0.0,0,0.714285714,0.666666667,1,2,3.0,1,0.6667,0
3,2,0,2,6,3,0,2,1,2.0,12,0.0,0,0.714285714,0.666666667,1,2,3.0,1,0.6667,0
3,2,0,2,6,3,0,2,1,2.0,12,0.0,0,0.714285714,0.666666667,1,2,3.0,1,0.6667,0
2,2,0,2,5,1,1,1,1,2.0,11,0.0,0,0.947368421,0.833333333,1,2,4.5,1,0.5,1
2,2,0,2,5,1,1,1,1,2.0,11,0.0,0,0.941176471,0.833333333,1,2,4.5,1,0.5,0
2,2,0,2,5,1,1,1,1,2.0,11,0.0,0,0.941176471,0.833333333,1,2,4.5,1,0.5,0
4,2,0,1,5,6,1,0,3,2.0,10,0.0,0,0.8125,0.5,1,1,1.5,1,0.75,0
4,2,0,1,5,6,1,0,3,2.0,10,0.0,0,0.8125,0.5,1,1,1.5,1,0.75,1
2,2,0,2,3,1,2,2,2,2.0,8,0.0,0,0.875,0.625,0,0,3.0,1,0.5,0
4,1,0,2,4,6,1,1,4,2.0,4,0.0,0,0.0,0.4,0,0,0.0,1,1.0,1
4,1,0,2,4,6,1,1,4,2.0,4,0.0,0,0.0,0.75,0,0,0.0,1,1.0,0
1,3,0,4,2,0,2,2,1,2.0,5,0.0,0,1.0,1.0,0,0,4.0,0,0.0,0
1,3,0,4,2,0,2,2,1,2.0,5,0.0,0,1.0,1.0,0,0,4.0,0,0.0,0
1,3,0,4,2,0,2,2,1,2.0,5,0.0,0,1.0,1.0,0,0,4.0,0,0.0,1
1,3,0,4,2,0,2,2,1,2.0,5,0.0,0,1.0,1.0,0,0,4.0,0,0.0,0
1,3,0,4,2,0,2,2,1,2.0,6,0.0,0,1.0,1.0,0,0,5.0,0,0.0,1
1,3,0,4,2,0,2,2,1,2.0,6,0.0,0,1.0,1.0,0,0,5.0,0,0.0,0
2,2,0,2,4,1,1,1,2,2.0,11,0.0,0,0.666666667,0.666666667,1,1,4.5,1,0.5,0
2,2,0,1,4,1,0,1,2,2.0,10,0.0,0,0.666666667,0.666666667,1,1,4.0,1,0.5,0
1,3,0,3,2,0,1,2,1,2.0,5,0.0,0,1.0,1.0,0,0,4.0,0,0.0,0
1,3,0,3,2,0,1,2,1,2.0,5,0.0,0,1.0,1.0,0,0,4.0,0,0.0,0
4,1,0,2,4,6,1,1,4,2.0,4,0.0,0,0.0,0.75,0,0,0.0,1,1.0,0
4,1,0,2,4,6,1,1,4,2.0,4,0.0,0,0.0,0.75,0,0,0.0,1,1.0,0
4,1,0,2,4,6,1,1,4,2.0,4,0.0,0,0.0,0.75,0,0,0.0,1,1.0,0
4,1,0,2,4,6,1,1,4,2.0,4,0.0,0,0.0,0.75,0,0,0.0,1,1.0,0
1,2,0,3,2,0,1,2,1,2.0,5,0.0,0,1.0,1.0,0,0,4.0,0,0.0,0
1,2,0,2,2,0,1,1,1,2.0,6,0.0,0,1.0,1.0,0,0,4.0,0,0.0,0
1,2,0,2,2,0,1,1,1,2.0,6,0.0,0,1.0,1.0,0,0,4.0,0,0.0,0
1,2,0,2,2,0,1,1,1,2.0,5,0.0,0,1.0,1.0,0,0,4.0,0,0.0,1
1,2,0,3,2,0,1,2,1,2.0,5,0.0,0,1.0,1.0,0,0,4.0,0,0.0,0
1,2,0,3,2,0,1,2,1,2.0,5,0.0,0,1.0,1.0,0,0,4.0,0,0.0,0
1,2,0,3,2,0,1,2,1,2.0,5,0.0,0,1.0,1.0,0,0,4.0,0,0.0,0
1,2,0,3,2,0,1,2,1,2.0,5,0.0,0,1.0,1.0,0,0,4.0,0,0.0,0
1,2,0,3,2,0,1,2,1,2.0,5,0.0,0,1.0,1.0,0,0,4.0,0,0.0,0
1,4,0,2,2,0,1,1,1,2.0,5,0.0,0,1.0,1.0,0,0,4.0,0,0.0,1
1,4,0,2,2,0,1,1,1,2.0,5,0.0,0,1.0,1.0,0,0,4.0,0,0.0,0
1,4,0,2,2,0,1,1,1,2.0,5,0.0,0,1.0,1.0,0,0,4.0,0,0.0,0
1,4,0,2,2,0,1,1,1,2.0,5,0.0,0,1.0,1.0,0,0,4.0,0,0.0,0
1,4,0,2,2,0,1,1,1,2.0,5,0.0,0,1.0,1.0,0,0,4.0,0,0.0,0
1,4,0,2,2,0,1,1,1,2.0,5,0.0,0,1.0,1.0,0,0,4.0,0,0.0,0
2,1,0,4,2,1,2,2,2,2.0,2,0.0,0,0.0,0.625,0,0,0.0,1,1.0,1
1,3,0,2,2,0,0,2,1,2.0,4,0.0,0,1.0,1.0,0,0,3.0,0,0.0,0
1,3,0,2,2,0,0,2,1,2.0,4,0.0,0,1.0,1.0,0,0,3.0,0,0.0,0
1,3,0,1,2,0,0,1,1,2.0,5,0.0,0,1.0,1.0,0,0,4.0,0,0.0,1
1,3,0,0,2,0,0,0,1,2.0,5,0.0,0,1.0,1.0,0,0,4.0,0,0.0,0
1,3,0,0,2,0,0,0,1,2.0,5,0.0,0,1.0,1.0,0,0,4.0,0,0.0,0
1,3,0,0,2,0,0,0,1,2.0,5,0.0,0,1.0,1.0,0,0,4.0,0,0.0,0
0,1,0,0,0,0,0,0,0,2.0,0,0.0,0,0.0,0.0,0,0,0.0,0,0.0,0
4,1,0,5,4,6,4,1,4,2.0,4,0.0,0,0.0,0.583333333,0,0,0.0,1,1.0,0
4,1,0,7,4,6,6,2,4,2.0,4,0.0,0,0.0,0.583333333,0,0,0.0,1,1.0,0
3,1,0,7,3,3,6,2,3,2.0,3,0.0,0,0.0,0.888888889,0,0,0.0,1,1.0,0
4,1,0,5,4,6,4,1,4,2.0,4,0.0,0,0.0,0.583333333,0,0,0.0,1,1.0,0
1,4,0,2,2,0,1,1,1,2.0,5,0.0,0,1.0,1.0,0,0,4.0,0,0.0,0
