0 0 0
1 0 0
2 0 0
3 0 0
4 0 0
5 0 0
6 0 0
7 0 0
8 0 0
9 0 0
10 0 0
11 0 0
12 0 0
13 0 0
14 0 0
15 0 0
16 0 0
17 0 0
18 0 0
19 0 0
20 0 0
21 0 0
22 0 0
23 0 0
24 0 0
25 0 0
26 0 0
27 0 0
28 0 0
29 0 0
30 0 0
31 0 0
32 0 0
33 0 0
34 0 0
35 0 0
36 0 0
37 0 0
38 0 0
39 0 0
40 0 0
41 0 0
42 0 0
43 0 0
44 0 0
45 0 0
46 0 0
47 0 0
48 0 0
49 0 0
50 0 0
51 0 0
52 0 0
53 0 0
54 0 0
55 0 0
56 0 0
57 0 0
58 0 0
59 0 0
60 0 0
61 0 0
62 0 0
63 0 0
64 0 0
65 0 0
66 0 0
67 0 0
68 0 0
69 0 0
70 0 0
71 0 0
72 0 0
73 0 0
74 0 0
75 0 0
76 0 0
77 0 0
78 0 0
79 0 0
80 0 0
81 0 0
82 0 0
83 0 0
84 0 0
85 0 0
86 0 0
87 0 0
88 0 0
89 0 0
90 0 0
91 0 0
92 0 0
93 0 0
94 0 0
95 0 0
96 0 0
97 0 0
98 0 0
99 0 0
100 0 50
101 0 50
102 0 50
103 0 50
104 0 50
105 0 50
106 0 50
107 0 50
108 0 66
109 0 66
110 0 66
111 0 66
112 0 66
113 0 66
114 0 66
115 0 75
116 0 75
117 0 75
118 0 75
119 0 75
120 0 60
121 0 60
122 0 60
123 0 60
124 0 60
125 0 60
126 0 60
127 0 60
128 0 60
129 0 60
130 0 60
131 0 60
132 0 60
133 0 60
134 0 60
135 0 60
136 0 60
137 0 60
138 0 60
139 0 60
140 0 66
141 0 71
142 0 71
143 0 71
144 0 75
145 0 75
146 0 75
147 0 75
148 0 75
149 0 75
150 0 75
151 0 75
152 0 75
153 0 75
154 0 75
155 0 75
156 0 75
157 0 75
158 0 75
159 0 75
160 0 75
161 0 75
162 0 75
163 0 77
164 0 77
165 0 77
166 0 77
167 0 77
168 0 77
169 0 77
170 0 77
171 0 77
172 0 77
173 0 77
174 0 77
175 0 77
176 0 77
177 0 77
178 0 77
179 0 77
180 0 77
181 0 80
182 0 80
183 0 80
184 0 80
185 0 80
186 0 81
187 0 81
188 0 81
189 0 81
190 0 81
191 0 81
192 0 81
193 0 81
194 0 81
195 0 81
196 0 81
197 0 81
198 0 81
199 0 81
200 0 81
201 0 81
202 0 81
203 0 81
204 0 81
205 0 81
206 0 75
207 0 75
208 0 75
209 0 75
210 0 75
211 0 75
212 0 75
213 0 75
214 0 75
215 0 75
216 0 75
217 0 75
218 0 75
219 0 75
220 0 75
221 0 75
222 0 75
223 0 76
224 0 76
225 0 76
226 0 76
227 0 76
228 0 71
229 0 71
230 0 71
231 0 71
232 0 71
233 0 71
234 0 71
235 0 73
236 0 73
237 0 73
238 0 73
239 0 73
240 0 73
241 0 73
242 0 73
243 0 73
244 0 73
245 0 73
246 0 73
247 0 75
248 0 75
249 0 75
250 0 76
251 0 76
252 0 76
253 0 76
254 0 76
255 0 76
256 0 76
257 0 76
258 0 77
259 0 77
260 0 77
261 0 77
262 0 77
263 0 77
264 0 77
265 0 78
266 0 80
267 0 80
268 0 80
269 0 80
270 0 80
271 0 80
272 0 80
273 0 80
274 0 80
275 0 80
276 0 80
277 0 80
278 0 80
279 0 80
280 0 81
281 0 81
282 0 81
283 0 81
284 0 78
285 0 78
286 0 78
287 0 78
288 0 78
289 0 78
290 0 78
291 0 78
292 0 78
293 0 78
294 0 78
295 0 79
296 0 79
297 0 79
298 0 79
299 0 76
300 0 76
301 0 76
302 0 77
303 0 77
304 0 77
305 0 77
306 0 77
307 0 78
308 0 78
309 0 78
310 0 78
311 0 78
312 0 78
313 0 79
314 0 79
315 0 79
316 0 79
317 0 79
318 0 79
319 0 79
320 0 79
321 0 79
322 0 79
323 0 79
324 0 79
325 0 80
326 0 80
327 0 80
328 0 80
329 0 80
330 0 80
331 0 80
332 0 80
333 0 80
334 0 80
335 0 80
336 0 81
337 0 81
338 0 81
339 0 81
340 0 81
341 0 81
342 0 81
343 0 81
344 0 81
345 0 81
346 0 81
347 0 81
348 0 81
349 0 79
350 0 79
351 0 77
352 0 75
353 0 72
354 0 73
355 0 73
356 0 73
357 0 73
358 0 73
359 0 73
360 0 73
361 0 73
362 0 73
363 0 73
364 0 73
365 0 74
366 0 72
367 0 73
368 0 73
369 0 74
370 0 74
371 0 74
372 0 74
373 0 74
374 0 74
375 0 74
376 0 74
377 0 74
378 0 74
379 0 74
380 0 74
381 0 74
382 0 74
383 0 75
384 0 75
385 0 75
386 0 75
387 0 75
388 0 75
389 0 75
390 0 75
391 0 75
392 0 75
393 0 75
394 0 75
395 0 75
396 0 75
397 0 75
398 0 75
399 0 75
400 0 75
401 0 75
402 0 75
403 0 75
404 0 76
405 0 76
406 0 76
407 0 76
408 0 76
409 0 76
410 0 76
411 0 76
412 0 76
413 0 76
414 0 76
415 0 76
416 0 76
417 0 76
418 0 77
419 0 77
420 0 75
421 0 75
422 0 74
423 0 74
424 0 74
425 0 74
426 0 74
427 0 74
428 0 74
429 0 74
430 0 72
431 0 72
432 0 72
433 0 73
434 0 73
435 0 73
436 0 73
437 0 73
438 0 73
439 0 74
440 0 74
441 0 74
442 0 74
443 0 74
444 0 74
445 0 74
446 0 74
447 0 75
448 0 75
449 0 75
450 0 73
451 0 73
452 0 73
453 0 73
454 0 73
455 0 73
456 0 73
457 0 73
458 0 73
459 0 73
460 0 73
461 0 73
462 0 73
463 0 72
464 0 72
465 0 72
466 0 72
467 0 72
468 0 72
469 0 72
470 0 72
471 0 72
472 0 72
473 0 72
474 0 72
475 0 72
476 0 72
477 0 71
478 0 71
479 0 70
480 0 70
481 0 70
482 0 70
483 0 70
484 0 70
485 0 70
486 0 70
487 0 70
488 0 70
489 0 70
490 0 70
491 0 70
492 0 70
493 0 70
494 0 70
495 0 70
496 0 70
497 0 68
498 0 68
499 0 69
500 0 69
501 0 69
502 0 69
503 0 69
504 0 69
505 0 69
506 0 69
507 0 69
508 0 69
509 0 70
510 0 70
511 0 70
512 0 70
513 0 70
514 0 70
515 0 70
516 0 70
517 0 71
518 0 71
519 0 71
520 0 71
521 0 71
522 0 71
523 0 71
524 0 71
525 0 71
526 0 71
527 0 71
528 0 71
529 0 71
530 0 71
531 0 71
532 0 71
533 0 71
534 0 71
535 0 72
536 0 72
537 0 72
538 0 72
539 0 72
540 0 72
541 0 72
542 0 72
543 0 72
544 0 72
545 0 71
546 0 71
547 0 71
548 0 71
549 0 71
550 0 71
551 0 71
552 0 71
553 0 71
554 0 71
555 0 71
556 0 71
557 0 71
558 0 71
559 0 70
560 0 70
561 0 69
562 0 69
563 0 69
564 0 69
565 0 69
566 0 69
567 0 69
568 0 69
569 0 69
570 0 69
571 0 70
572 0 70
573 0 70
574 0 70
575 0 70
576 0 70
577 0 70
578 0 70
579 0 70
580 0 70
581 0 70
582 0 70
583 0 70
584 0 70
585 0 70
586 0 69
587 0 69
588 0 69
589 0 69
590 0 70
591 0 69
592 0 69
593 0 69
594 0 69
595 0 69
596 0 69
597 0 69
598 0 69
599 0 69
600 0 69
601 0 69
602 0 69
603 0 69
604 0 69
605 0 69
606 0 69
607 0 69
608 0 69
609 0 69
610 0 69
611 0 69
612 0 69
613 0 69
614 0 69
615 0 69
616 0 69
617 0 69
618 0 69
619 0 69
620 0 69
621 0 69
622 0 69
623 0 69
624 0 69
625 0 69
626 0 69
627 0 69
628 0 68
629 0 68
630 0 68
631 0 68
632 0 68
633 0 68
634 0 68
635 0 67
636 0 67
637 0 67
638 0 67
639 0 67
640 0 68
641 0 68
642 0 68
643 0 68
644 0 68
645 0 68
646 0 68
647 0 68
648 0 68
649 0 68
650 0 68
651 0 68
652 0 68
653 0 68
654 0 68
655 0 68
656 0 68
657 0 68
658 0 68
659 0 68
660 0 68
661 0 68
662 0 68
663 0 68
664 0 68
665 0 68
666 0 68
667 0 68
668 0 68
669 0 68
670 0 67
671 0 67
672 0 67
673 0 67
674 0 67
675 0 67
676 0 67
677 0 67
678 0 67
679 0 67
680 0 67
681 0 67
682 0 67
683 0 67
684 0 67
685 0 67
686 0 67
687 1 67
688 1 66
689 1 66
690 1 66
691 1 66
692 1 66
693 1 66
694 1 66
695 1 66
696 1 66
697 1 66
698 1 65
699 1 65
700 1 65
701 1 65
702 1 65
703 1 66
704 1 66
705 1 66
706 1 66
707 1 66
708 1 66
709 1 67
710 1 67
711 1 67
712 1 67
713 1 67
714 1 67
715 1 67
716 1 67
717 1 66
718 1 67
719 1 67
720 1 67
721 1 67
722 1 67
723 1 67
724 1 67
725 1 67
726 1 67
727 1 67
728 1 67
729 1 67
730 1 67
731 1 67
732 1 67
733 1 67
734 1 67
735 1 67
736 1 67
737 1 67
738 1 67
739 1 67
740 1 67
741 1 67
742 1 67
743 1 67
744 1 67
745 1 67
746 1 67
747 1 67
748 1 67
749 1 67
750 1 67
751 1 67
752 1 67
753 1 67
754 1 67
755 1 67
756 1 67
757 1 67
758 1 68
759 1 68
760 1 68
761 1 68
762 1 68
763 1 68
764 1 68
765 1 68
766 1 68
767 1 68
768 1 68
769 1 68
770 1 68
771 1 68
772 1 68
773 1 68
774 1 68
775 1 68
776 1 68
777 1 68
778 1 68
779 1 68
780 1 68
781 1 68
782 1 68
783 1 68
784 1 68
785 1 68
786 1 69
787 1 69
788 1 69
789 1 68
790 1 68
791 1 68
792 1 68
793 1 68
794 1 68
795 1 68
796 1 68
797 1 68
798 1 68
799 1 68
800 1 68
801 1 68
802 1 68
803 1 68
804 1 68
805 1 68
806 1 68
807 1 68
808 1 68
809 1 68
810 1 68
811 1 68
812 1 68
813 1 68
814 1 68
815 1 68
816 1 68
817 1 68
818 1 68
819 1 68
820 1 68
821 1 68
822 1 68
823 1 68
824 1 67
825 1 67
826 1 67
827 1 67
828 1 67
829 1 67
830 1 67
831 1 67
832 1 67
833 1 67
834 1 67
835 1 67
836 1 67
837 1 67
838 1 67
839 1 68
840 1 67
841 1 67
842 1 67
843 1 67
844 1 67
845 1 67
846 1 68
847 1 68
848 1 68
849 1 68
850 1 68
851 1 68
852 1 68
853 1 68
854 1 68
855 1 67
856 1 67
857 1 67
858 1 67
859 1 67
860 1 67
861 1 67
862 1 67
863 1 67
864 1 67
865 1 67
866 1 67
867 1 67
868 1 67
869 1 67
870 1 67
871 1 67
872 1 67
873 1 67
874 1 67
875 1 67
876 1 67
877 1 67
878 1 67
879 1 67
880 1 67
881 1 67
882 1 67
883 1 67
884 1 67
885 1 67
886 1 67
887 1 67
888 1 67
889 1 67
890 1 67
891 1 67
892 1 68
893 1 68
894 1 68
895 1 68
896 1 68
897 1 68
898 1 68
899 1 68
900 1 68
901 1 68
902 1 68
903 1 68
904 1 68
905 1 68
906 1 68
907 1 68
908 1 68
909 1 68
910 1 68
911 1 68
912 1 68
913 1 68
914 1 68
915 1 68
916 1 68
917 1 68
918 1 68
919 1 68
920 1 68
921 1 68
922 1 68
923 1 68
924 1 68
925 1 68
926 1 67
927 1 67
928 1 67
929 1 67
930 1 67
931 1 67
932 1 67
933 1 67
934 1 66
935 1 66
936 1 66
937 1 66
938 1 66
939 1 66
940 1 66
941 1 67
942 1 66
943 1 66
944 1 66
945 1 66
946 1 66
947 1 66
948 1 66
949 1 66
950 1 66
951 1 66
952 1 66
953 1 66
954 1 66
955 1 67
956 1 67
957 1 67
958 1 67
959 1 67
960 1 67
961 1 67
962 1 66
963 1 66
964 1 66
965 1 66
966 1 66
967 1 66
968 1 66
969 1 66
970 1 66
971 1 66
972 1 66
973 1 66
974 1 66
975 1 66
976 1 66
977 1 66
978 1 66
979 1 66
980 1 66
981 1 66
982 1 66
983 1 66
984 1 65
985 1 66
986 1 66
987 1 66
988 1 66
989 1 66
990 1 65
991 1 65
992 1 65
993 1 65
994 1 65
995 1 65
996 1 65
997 1 65
998 1 65
999 1 65
1000 1 65
1001 1 65
1002 1 65
1003 1 65
1004 1 65
1005 1 65
1006 1 65
1007 1 65
1008 1 65
1009 1 65
1010 1 65
1011 1 65
1012 1 65
1013 1 65
1014 1 65
1015 1 65
1016 1 65
1017 1 64
1018 1 64
1019 1 64
1020 1 64
1021 1 64
1022 1 64
1023 1 64
1024 1 64
1025 1 64
1026 1 64
1027 1 64
1028 1 64
1029 1 64
1030 1 64
1031 1 64
1032 1 64
1033 1 64
1034 1 64
1035 1 64
1036 1 64
1037 1 64
1038 1 64
1039 1 64
1040 1 64
1041 1 64
1042 1 64
1043 1 64
1044 1 64
1045 1 64
1046 1 64
1047 1 64
1048 1 64
1049 1 64
1050 1 64
1051 1 64
1052 1 64
1053 1 64
1054 1 64
1055 1 64
1056 1 64
1057 1 64
1058 1 64
1059 1 64
1060 1 64
1061 1 64
1062 1 64
1063 1 64
1064 1 64
1065 1 64
1066 1 64
1067 1 64
1068 1 63
1069 1 63
1070 1 63
1071 1 63
1072 1 63
1073 1 63
1074 1 63
1075 1 63
1076 1 63
1077 1 63
1078 1 64
1079 1 63
1080 1 63
1081 1 63
1082 1 63
1083 1 63
1084 1 63
1085 1 63
1086 1 63
1087 1 63
1088 1 63
1089 1 63
1090 1 63
1091 1 63
1092 1 63
1093 1 63
1094 1 63
1095 1 63
1096 1 63
1097 1 63
1098 1 63
1099 1 63
1100 1 63
1101 1 63
1102 1 63
1103 1 64
1104 1 64
1105 1 64
1106 1 64
1107 1 64
1108 1 64
1109 1 64
1110 1 64
1111 1 64
1112 1 64
1113 1 64
1114 1 64
1115 1 64
1116 1 64
1117 1 64
1118 1 64
1119 1 64
1120 1 64
1121 1 64
1122 1 64
1123 1 64
1124 1 64
1125 1 64
1126 1 64
1127 1 64
1128 1 65
1129 1 65
1130 1 65
1131 1 65
1132 1 65
1133 1 65
1134 1 65
1135 1 65
1136 1 65
1137 1 65
1138 1 65
1139 2 66
1140 2 66
1141 2 66
1142 2 66
1143 2 66
1144 2 66
1145 2 66
1146 2 66
1147 2 66
1148 2 66
1149 2 66
1150 2 66
1151 2 66
1152 2 66
1153 2 66
1154 2 66
1155 2 66
1156 2 66
1157 2 66
1158 2 66
1159 2 66
1160 2 66
1161 2 66
1162 2 66
1163 2 66
1164 2 66
1165 2 66
1166 2 66
1167 2 66
1168 2 66
1169 2 66
1170 2 66
1171 2 66
1172 2 66
1173 2 66
1174 2 66
1175 2 66
1176 2 66
1177 2 66
1178 2 66
1179 2 66
1180 2 66
1181 2 66
1182 2 66
1183 2 66
1184 2 66
1185 2 66
1186 2 66
1187 2 66
1188 2 66
1189 2 66
1190 2 66
1191 2 66
1192 2 66
1193 2 66
1194 2 66
1195 2 66
1196 2 66
1197 2 66
1198 2 66
1199 2 66
1200 2 66
1201 2 66
1202 2 66
1203 2 66
1204 2 66
1205 2 66
1206 2 66
1207 2 66
1208 2 66
1209 2 66
1210 2 66
1211 2 66
1212 2 66
1213 2 66
1214 2 66
1215 2 66
1216 2 67
1217 2 67
1218 2 67
1219 2 67
1220 2 67
1221 2 67
1222 2 67
1223 2 67
1224 2 67
1225 2 67
1226 2 67
1227 2 67
1228 2 67
1229 2 67
1230 2 67
1231 2 67
1232 2 67
1233 2 67
1234 2 67
1235 2 67
1236 2 66
1237 2 66
1238 2 66
1239 2 66
1240 2 66
1241 2 66
1242 2 66
1243 2 66
1244 2 66
1245 2 66
1246 2 66
1247 2 66
1248 2 66
1249 2 66
1250 2 66
1251 2 66
1252 2 66
1253 2 66
1254 2 66
1255 2 66
1256 2 66
1257 2 66
1258 2 66
1259 2 66
1260 2 66
1261 2 66
1262 2 66
1263 2 66
1264 2 66
1265 2 66
1266 2 66
1267 2 66
1268 2 66
1269 2 65
1270 2 65
1271 2 65
1272 2 65
1273 2 65
1274 2 66
1275 2 66
1276 2 66
1277 2 66
1278 2 66
1279 2 66
1280 2 66
1281 2 66
1282 2 66
1283 2 66
1284 2 66
1285 2 66
1286 2 66
1287 2 66
1288 2 66
1289 2 66
1290 2 66
1291 2 65
1292 2 65
1293 2 65
1294 2 65
1295 2 65
1296 2 65
1297 2 65
1298 2 65
1299 2 65
1300 2 65
1301 2 65
1302 2 65
1303 2 65
1304 2 65
1305 2 65
1306 2 65
1307 2 65
1308 2 65
1309 2 65
1310 2 65
1311 2 65
1312 2 65
1313 2 65
1314 2 65
1315 2 65
1316 2 65
1317 2 64
1318 2 64
1319 2 64
1320 2 64
1321 2 64
1322 2 65
1323 2 65
1324 2 65
1325 2 65
1326 2 65
1327 2 65
1328 2 65
1329 2 65
1330 2 65
1331 2 64
1332 2 65
1333 2 65
1334 2 65
1335 2 65
1336 2 65
1337 2 65
1338 2 65
1339 2 65
1340 2 65
1341 2 65
1342 2 65
1343 2 65
1344 2 65
1345 2 65
1346 2 65
1347 2 65
1348 2 65
1349 2 65
1350 2 65
1351 2 65
1352 2 65
1353 2 65
1354 2 65
1355 2 65
1356 2 65
1357 2 65
1358 2 65
1359 2 65
1360 2 65
1361 2 65
1362 2 65
1363 2 65
1364 2 65
1365 2 65
1366 2 65
1367 2 65
1368 2 65
1369 2 65
1370 2 65
1371 2 65
1372 2 65
1373 2 65
1374 2 65
1375 2 65
1376 2 65
1377 2 65
1378 2 65
1379 2 65
1380 2 65
1381 2 65
1382 2 65
1383 2 65
1384 2 65
1385 2 65
1386 2 65
1387 2 65
1388 2 65
1389 2 65
1390 2 65
1391 2 65
1392 2 65
1393 2 65
1394 2 65
1395 2 65
1396 2 65
1397 2 65
1398 2 66
1399 2 66
1400 2 66
1401 2 66
1402 2 66
1403 2 66
1404 2 66
1405 2 66
1406 2 66
1407 2 66
1408 2 66
1409 2 65
1410 2 65
1411 2 65
1412 2 65
1413 2 65
1414 2 65
1415 2 65
1416 2 66
1417 2 66
1418 2 66
1419 2 66
1420 2 66
1421 2 66
1422 2 66
1423 2 66
1424 2 66
1425 2 66
1426 2 66
1427 2 66
1428 2 66
1429 2 66
1430 2 66
1431 2 66
1432 2 66
1433 2 66
1434 2 66
1435 2 66
1436 2 66
1437 2 66
1438 2 66
1439 2 66
1440 2 66
1441 2 66
1442 2 66
1443 2 66
1444 2 66
1445 2 66
1446 2 66
1447 2 66
1448 2 66
1449 2 66
1450 2 66
1451 2 66
1452 2 66
1453 2 66
1454 2 66
1455 2 66
1456 2 66
1457 2 66
1458 2 66
1459 2 66
1460 2 66
1461 2 66
1462 2 66
1463 2 66
1464 2 66
1465 3 66
1466 3 66
1467 3 66
1468 3 66
1469 3 66
1470 3 66
1471 3 66
1472 3 66
1473 3 66
1474 3 66
1475 3 66
1476 3 66
1477 3 66
1478 3 66
1479 3 66
1480 3 66
1481 3 66
1482 3 66
1483 3 66
1484 3 66
1485 3 66
1486 3 66
1487 3 66
1488 3 66
1489 3 66
1490 3 66
1491 3 66
1492 3 66
1493 3 66
1494 3 66
1495 3 66
1496 3 66
1497 3 66
1498 3 66
1499 3 66
1500 3 66
1501 3 66
1502 3 66
1503 3 66
1504 3 66
1505 3 66
1506 3 66
1507 3 66
1508 3 66
1509 3 66
1510 3 66
1511 3 67
1512 3 67
1513 3 67
1514 3 67
1515 3 67
1516 3 67
1517 3 67
1518 3 67
1519 3 67
1520 3 67
1521 3 67
1522 3 67
1523 3 67
1524 3 67
1525 3 67
1526 3 67
1527 3 67
1528 3 67
1529 3 67
1530 3 67
1531 3 67
1532 3 67
1533 3 67
1534 3 67
1535 3 67
1536 3 67
1537 3 67
1538 3 67
1539 3 67
1540 3 67
1541 3 67
1542 3 67
1543 3 67
1544 3 67
1545 3 67
1546 3 67
1547 3 67
1548 3 67
1549 3 67
1550 3 67
1551 3 67
1552 3 67
1553 3 67
1554 3 67
1555 3 67
1556 3 67
1557 3 67
1558 3 67
1559 3 67
1560 3 67
1561 3 67
1562 3 67
1563 3 67
1564 3 67
1565 3 67
1566 3 67
1567 3 67
1568 3 67
1569 3 67
1570 3 67
1571 3 67
1572 3 67
1573 3 67
1574 3 67
1575 3 67
1576 3 67
1577 3 67
1578 3 67
1579 3 67
1580 3 67
1581 3 67
1582 3 67
1583 3 67
1584 3 67
1585 3 67
1586 3 67
1587 3 67
1588 3 67
1589 3 67
1590 3 67
1591 3 67
1592 3 67
1593 3 67
1594 3 68
1595 3 68
1596 3 68
1597 3 68
1598 3 68
1599 3 68
1600 3 68
1601 3 67
1602 3 67
1603 3 67
1604 3 67
1605 3 67
1606 3 67
1607 3 67
1608 3 67
1609 3 67
1610 3 67
1611 3 67
1612 3 67
1613 3 68
1614 3 67
1615 3 67
1616 3 67
1617 3 67
1618 3 67
1619 3 67
1620 3 67
1621 3 67
1622 3 67
1623 3 67
1624 3 67
1625 3 67
1626 3 67
1627 3 67
1628 3 67
1629 3 67
1630 3 68
1631 3 68
1632 3 68
1633 3 68
1634 3 68
1635 3 68
1636 3 68
1637 3 68
1638 3 68
1639 3 68
1640 3 68
1641 3 68
1642 3 68
1643 3 68
1644 3 68
1645 3 68
1646 3 68
1647 3 68
1648 3 68
1649 3 68
1650 3 68
1651 3 68
1652 3 68
1653 3 68
1654 3 68
1655 3 68
1656 3 68
1657 3 68
1658 3 68
1659 3 67
1660 3 67
1661 3 67
1662 3 67
1663 3 67
1664 3 67
1665 3 67
1666 3 67
1667 3 67
1668 3 67
1669 3 67
1670 3 67
1671 3 67
1672 3 67
1673 3 67
1674 4 67
1675 4 67
1676 4 67
1677 4 67
1678 4 67
1679 4 67
1680 4 67
1681 4 67
1682 4 67
1683 4 66
1684 4 66
1685 4 66
1686 4 66
1687 4 66
1688 4 66
1689 4 66
1690 4 66
1691 4 66
1692 4 66
1693 4 66
1694 4 66
1695 4 67
1696 4 67
1697 4 66
1698 4 66
1699 4 66
1700 4 66
1701 4 66
1702 4 66
1703 4 66
1704 4 66
1705 4 66
1706 4 66
1707 4 66
1708 4 66
1709 4 66
1710 4 66
1711 4 66
1712 4 66
1713 4 66
1714 4 66
1715 4 66
1716 4 66
1717 4 66
1718 4 66
1719 4 66
1720 4 66
1721 4 66
1722 4 67
1723 4 67
1724 4 67
1725 4 67
1726 4 67
1727 4 67
1728 4 67
1729 4 67
1730 4 67
1731 4 67
1732 4 67
1733 4 67
1734 4 67
1735 4 67
1736 4 67
1737 4 67
1738 4 67
1739 4 67
1740 4 67
1741 4 67
1742 4 67
1743 4 67
1744 4 67
1745 4 67
1746 4 67
1747 4 67
1748 4 67
1749 4 67
1750 4 67
1751 4 67
1752 4 67
1753 4 67
1754 4 67
1755 4 67
1756 4 67
1757 4 67
1758 4 66
1759 4 66
1760 4 66
1761 4 66
1762 4 66
1763 4 66
1764 4 66
1765 4 66
1766 4 66
1767 4 66
1768 4 67
1769 4 66
1770 4 66
1771 4 66
1772 4 66
1773 4 66
1774 4 66
1775 4 66
1776 4 66
1777 4 66
1778 4 66
1779 4 66
1780 4 66
1781 4 66
1782 4 66
1783 4 66
1784 4 66
1785 4 66
1786 4 67
1787 4 67
1788 4 67
1789 4 67
1790 4 66
1791 4 66
1792 4 66
1793 4 66
1794 4 66
1795 4 66
1796 4 66
1797 4 66
1798 4 66
1799 4 66
1800 4 66
1801 4 66
1802 4 66
1803 4 66
1804 4 66
1805 4 66
1806 4 66
1807 4 66
1808 4 66
1809 4 66
1810 4 66
1811 4 66
1812 4 66
1813 4 66
1814 4 66
1815 4 66
1816 4 66
1817 4 66
1818 4 66
1819 4 66
1820 4 66
1821 4 66
1822 4 66
1823 4 66
1824 4 66
1825 4 66
1826 4 66
1827 4 66
1828 4 66
1829 4 66
1830 4 66
1831 4 66
1832 4 66
1833 4 66
1834 4 66
1835 4 66
1836 4 66
1837 4 66
1838 4 66
1839 4 66
1840 4 66
1841 4 66
1842 4 66
1843 4 66
1844 4 66
1845 4 66
1846 4 66
1847 4 66
1848 4 66
1849 4 66
1850 5 66
1851 5 67
1852 5 67
1853 5 67
1854 5 67
1855 5 67
1856 5 67
1857 5 67
1858 5 67
1859 5 67
1860 5 67
1861 5 67
1862 5 67
1863 5 67
1864 5 67
1865 5 67
1866 5 67
1867 5 67
1868 5 67
1869 5 67
1870 5 67
1871 5 67
1872 5 67
1873 5 67
1874 5 67
1875 5 67
1876 5 67
1877 5 67
1878 5 67
1879 5 67
1880 5 67
1881 5 67
1882 5 67
1883 5 67
1884 5 67
1885 5 67
1886 5 67
1887 5 67
1888 5 67
1889 5 67
1890 5 67
1891 5 67
1892 5 67
1893 5 67
1894 5 67
1895 5 67
1896 5 67
1897 5 67
1898 5 67
1899 5 67
1900 5 67
1901 5 67
1902 5 67
1903 5 67
1904 5 67
1905 5 67
1906 5 67
1907 5 67
1908 5 67
1909 5 67
1910 5 67
1911 5 67
1912 5 67
1913 5 67
1914 5 67
1915 5 67
1916 5 67
1917 5 67
1918 5 67
1919 5 67
1920 5 67
1921 5 67
1922 5 67
1923 5 67
1924 5 67
1925 5 67
1926 5 67
1927 5 67
1928 5 67
1929 5 67
1930 5 67
1931 5 67
1932 5 67
1933 5 67
1934 5 67
1935 5 67
1936 5 67
1937 5 68
1938 5 68
1939 5 68
1940 5 68
1941 5 67
1942 5 67
1943 5 67
1944 5 67
1945 5 67
1946 5 67
1947 5 67
1948 5 67
1949 5 67
1950 5 67
1951 5 67
1952 5 67
1953 5 67
1954 5 67
1955 5 67
1956 5 67
1957 5 67
1958 5 67
1959 5 67
1960 5 67
1961 5 67
1962 5 67
1963 5 67
1964 5 67
1965 5 67
1966 5 67
1967 5 67
1968 5 67
1969 5 67
1970 5 67
1971 5 67
1972 5 67
1973 5 67
1974 5 67
1975 5 67
1976 5 67
1977 5 67
1978 5 67
1979 5 67
1980 5 67
1981 5 67
1982 5 67
1983 5 67
1984 5 67
1985 5 67
1986 5 67
1987 5 67
1988 5 67
1989 5 67
1990 5 67
1991 5 67
1992 5 67
1993 5 67
1994 5 67
1995 5 67
1996 5 67
1997 5 67
1998 6 67
1999 6 67
2000 6 67
2001 6 67
2002 6 67
2003 6 68
2004 6 68
2005 6 68
2006 6 68
2007 6 68
2008 6 68
2009 6 68
2010 6 68
2011 6 68
2012 6 68
2013 6 68
2014 6 68
2015 6 68
2016 6 68
2017 6 68
2018 6 68
2019 6 68
2020 6 68
2021 6 68
2022 6 68
2023 6 68
2024 6 68
2025 6 68
2026 6 68
2027 6 68
2028 6 68
2029 6 68
2030 6 68
2031 6 68
2032 6 68
2033 6 68
2034 6 68
2035 6 68
2036 6 68
2037 6 68
2038 6 68
2039 6 68
2040 6 68
2041 6 68
2042 6 68
2043 6 68
2044 6 68
2045 6 68
2046 6 68
2047 6 68
2048 6 68
2049 6 68
2050 6 68
2051 6 68
2052 6 68
2053 6 68
2054 6 68
2055 6 68
2056 6 68
2057 6 68
2058 6 68
2059 6 68
2060 6 68
2061 6 68
2062 6 68
2063 6 68
2064 6 68
2065 6 68
2066 6 68
2067 6 68
2068 6 68
2069 6 68
2070 6 68
2071 6 68
2072 6 68
2073 6 68
2074 6 68
2075 6 68
2076 6 68
2077 6 68
2078 6 68
2079 6 68
2080 6 68
2081 6 68
2082 6 69
2083 6 69
2084 6 68
2085 6 68
2086 6 68
2087 6 68
2088 6 68
2089 6 68
2090 6 68
2091 6 68
2092 6 68
2093 6 68
2094 6 68
2095 6 68
2096 6 68
2097 6 68
2098 6 68
2099 6 68
2100 6 68
2101 6 68
2102 6 68
2103 6 68
2104 6 68
2105 6 68
2106 6 68
2107 6 68
2108 6 68
2109 6 68
2110 6 68
2111 6 68
2112 6 68
2113 6 68
2114 6 68
2115 6 68
2116 6 68
2117 6 68
2118 7 68
2119 7 68
2120 7 68
2121 7 68
2122 7 68
2123 7 68
2124 7 68
2125 7 68
2126 7 68
2127 7 68
2128 7 68
2129 7 68
2130 7 69
2131 7 69
2132 7 69
2133 7 69
2134 7 69
2135 7 69
2136 7 69
2137 7 69
2138 7 69
2139 7 69
2140 7 69
2141 7 69
2142 7 69
2143 7 69
2144 7 69
2145 7 68
2146 7 68
2147 7 68
2148 7 68
2149 7 68
2150 7 68
2151 7 68
2152 7 68
2153 7 68
2154 7 68
2155 7 68
2156 7 68
2157 7 68
2158 7 68
2159 7 68
2160 7 68
2161 7 68
2162 7 68
2163 7 69
2164 7 69
2165 7 69
2166 7 69
2167 7 69
2168 7 69
2169 7 69
2170 7 69
2171 7 69
2172 7 69
2173 7 69
2174 7 68
2175 7 68
2176 7 68
2177 7 68
2178 7 68
2179 7 68
2180 7 68
2181 7 68
2182 7 68
2183 7 68
2184 7 68
2185 7 68
2186 7 68
2187 7 68
2188 7 68
2189 7 68
2190 7 68
2191 7 68
2192 7 68
2193 7 68
2194 7 68
2195 7 68
2196 7 68
2197 7 68
2198 7 68
2199 7 68
2200 7 68
2201 7 68
2202 7 68
2203 7 68
2204 7 68
2205 7 68
2206 7 68
2207 7 68
2208 8 68
2209 8 68
2210 8 68
2211 8 68
2212 8 68
2213 8 68
2214 8 68
2215 8 68
2216 8 68
2217 8 68
2218 8 68
2219 8 68
2220 8 68
2221 8 68
2222 8 68
2223 8 68
2224 8 68
2225 8 68
2226 8 68
2227 8 68
2228 8 68
2229 8 68
2230 8 68
2231 8 68
2232 8 68
2233 8 68
2234 8 68
2235 8 68
2236 8 68
2237 8 68
2238 8 68
2239 8 68
2240 8 68
2241 8 68
2242 8 68
2243 8 68
2244 8 68
2245 8 68
2246 8 68
2247 8 68
2248 8 68
2249 8 68
2250 8 69
2251 8 69
2252 8 69
2253 8 69
2254 8 69
2255 8 69
2256 8 69
2257 8 69
2258 8 69
2259 8 69
2260 8 69
2261 8 69
2262 8 69
2263 8 69
2264 8 69
2265 8 69
2266 8 69
2267 8 69
2268 8 69
2269 8 69
2270 8 69
2271 8 69
2272 8 69
2273 8 69
2274 8 69
2275 9 69
2276 9 69
2277 9 69
2278 9 69
2279 9 69
2280 9 69
2281 9 69
2282 9 69
2283 9 69
2284 9 69
2285 9 69
2286 9 69
2287 9 69
2288 9 69
2289 9 69
2290 9 69
2291 9 69
2292 9 69
2293 9 69
2294 9 69
2295 9 69
2296 9 69
2297 9 69
2298 9 69
2299 9 69
2300 9 69
2301 9 69
2302 9 69
2303 9 69
2304 9 69
2305 9 69
2306 9 69
2307 9 69
2308 9 69
2309 9 69
2310 9 69
2311 9 69
2312 9 69
2313 9 69
2314 9 69
2315 9 69
2316 9 69
2317 9 69
2318 9 69
2319 9 70
2320 9 70
2321 9 70
2322 9 70
2323 9 70
2324 9 70
2325 9 70
2326 9 70
2327 9 70
2328 9 70
2329 9 70
2330 9 70
2331 9 70
2332 9 70
2333 9 70
2334 9 70
2335 9 70
2336 9 70
2337 9 70
2338 9 70
2339 9 70
2340 10 70
2341 10 70
2342 10 70
2343 10 70
2344 10 70
2345 10 70
2346 10 70
2347 10 70
2348 10 70
2349 10 70
2350 10 70
2351 10 70
2352 10 70
2353 10 70
2354 10 70
2355 10 70
2356 10 70
2357 10 70
2358 10 70
2359 10 70
2360 10 70
2361 10 70
2362 10 69
2363 10 69
2364 10 69
2365 10 69
2366 10 69
2367 10 69
2368 10 69
2369 10 69
2370 10 70
2371 10 70
2372 10 70
2373 10 70
2374 10 70
2375 10 70
2376 10 70
2377 10 70
2378 10 70
2379 10 70
2380 10 70
2381 10 70
2382 10 70
2383 10 70
2384 10 70
2385 10 70
2386 10 70
2387 10 70
2388 10 70
2389 10 70
2390 10 70
2391 10 70
2392 10 70
2393 10 70
2394 10 70
2395 10 70
2396 10 70
2397 10 70
2398 10 70
2399 10 70
2400 10 70
2401 10 70
2402 10 70
2403 10 70
2404 10 70
2405 10 70
2406 10 70
2407 10 70
2408 10 70
2409 10 70
2410 11 70
2411 11 70
2412 11 70
2413 11 70
2414 11 70
2415 11 70
2416 11 70
2417 11 70
2418 11 70
2419 11 70
2420 11 70
2421 11 70
2422 11 70
2423 11 70
2424 11 70
2425 11 70
2426 11 70
2427 11 70
2428 11 70
2429 11 70
2430 11 70
2431 11 70
2432 11 70
2433 11 70
2434 11 70
2435 11 70
2436 11 70
2437 11 70
2438 11 70
2439 11 70
2440 11 70
2441 11 70
2442 11 70
2443 11 70
2444 11 70
2445 11 70
2446 11 70
2447 11 70
2448 11 70
2449 11 70
2450 11 70
2451 11 70
2452 11 70
2453 11 70
2454 11 70
2455 11 70
2456 11 70
2457 11 70
2458 11 70
2459 11 70
2460 11 70
2461 11 70
2462 11 70
2463 11 70
2464 11 70
2465 11 70
2466 11 70
2467 12 70
2468 12 70
2469 12 70
2470 12 70
2471 12 70
2472 12 70
2473 12 70
2474 12 70
2475 12 70
2476 12 70
2477 12 70
2478 12 70
2479 12 70
2480 12 70
2481 12 70
2482 12 70
2483 12 70
2484 12 70
2485 12 70
2486 12 70
2487 12 70
2488 12 70
2489 12 70
2490 12 70
2491 12 70
2492 12 70
2493 12 70
2494 12 70
2495 12 70
2496 12 70
2497 12 70
2498 12 70
2499 13 70
2500 13 70
2501 13 70
2502 13 70
2503 13 70
2504 13 70
2505 13 70
2506 13 70
2507 13 70
2508 13 70
2509 13 71
2510 13 71
2511 13 71
2512 13 71
2513 13 71
2514 13 71
2515 13 71
2516 13 71
2517 13 71
2518 13 71
2519 13 71
2520 13 71
2521 13 71
2522 13 71
2523 13 71
2524 13 71
2525 13 71
2526 13 71
2527 13 71
2528 13 71
2529 13 71
2530 13 71
2531 13 71
2532 14 71
2533 14 71
2534 14 71
2535 14 71
2536 14 71
2537 14 71
2538 14 71
2539 14 71
2540 14 71
2541 14 71
2542 14 71
2543 14 71
2544 14 71
2545 14 71
2546 14 71
2547 14 71
2548 14 71
2549 14 71
2550 14 71
2551 14 71
2552 14 71
2553 14 71
2554 14 71
2555 14 71
2556 14 71
2557 14 71
2558 14 71
2559 14 71
2560 14 71
2561 14 71
2562 14 71
2563 14 71
2564 14 71
2565 14 71
2566 14 72
2567 14 72
2568 14 72
2569 14 72
2570 14 72
2571 15 72
2572 15 72
2573 15 72
2574 15 72
2575 15 72
2576 15 72
2577 15 72
2578 15 72
2579 15 72
2580 15 72
2581 15 72
2582 15 72
2583 15 72
2584 15 72
2585 15 72
2586 15 72
2587 15 72
2588 15 72
2589 15 72
2590 15 72
2591 15 72
2592 15 72
2593 15 72
2594 15 72
2595 15 72
2596 16 72
2597 16 72
2598 16 72
2599 16 72
2600 16 72
2601 16 72
2602 16 72
2603 16 72
2604 16 72
2605 16 72
2606 16 72
2607 16 72
2608 16 72
2609 16 72
2610 16 72
2611 16 72
2612 16 72
2613 16 72
2614 16 72
2615 16 72
2616 16 72
2617 16 72
2618 16 72
2619 16 72
2620 16 72
2621 17 72
2622 17 72
2623 17 72
2624 17 72
2625 17 72
2626 17 72
2627 17 72
2628 17 72
2629 17 72
2630 17 72
2631 17 73
2632 17 73
2633 18 73
2634 18 73
2635 18 73
2636 18 73
2637 18 73
2638 18 73
2639 18 73
2640 18 73
2641 18 73
2642 18 73
2643 18 73
2644 18 73
2645 18 73
2646 18 73
2647 18 73
2648 19 73
2649 19 73
2650 19 73
2651 19 73
2652 19 73
2653 19 73
2654 19 73
2655 19 73
2656 19 73
2657 19 73
2658 19 73
2659 19 73
2660 19 73
2661 19 73
2662 19 73
2663 19 73
2664 19 73
2665 20 73
2666 20 73
2667 20 73
2668 20 73
2669 20 73
2670 20 73
2671 20 73
2672 20 73
2673 21 73
2674 21 73
2675 21 73
2676 21 73
2677 21 73
2678 21 73
2679 21 73
2680 22 73
2681 22 73
2682 22 73
2683 22 73
2684 22 73
2685 23 73
2686 23 73
2687 23 73
2688 23 73
2689 23 73
2690 23 73
2691 23 73
2692 23 73
2693 24 73
2694 24 73
2695 24 73
2696 24 73
2697 24 73
2698 24 73
2699 24 74
2700 24 74
2701 24 74
2702 24 74
2703 24 74
2704 24 74
2705 24 74
2706 25 74
2707 25 74
2708 25 74
2709 25 74
2710 25 74
2711 26 74
2712 26 74
2713 27 74
2714 27 74
2715 27 74
2716 27 74
2717 28 74
2718 28 74
2719 28 74
2720 28 74
2721 28 74
2722 29 74
2723 29 74
2724 29 74
2725 29 74
2726 29 74
2727 29 74
2728 29 74
2729 29 74
2730 30 74
2731 30 74
2732 31 74
2733 31 74
2734 32 74
2735 32 74
2736 33 74
2737 33 74
2738 33 74
2739 33 74
2740 34 74
2741 34 74
2742 34 74
2743 34 74
2744 34 74
2745 35 74
2746 35 74
2747 35 75
2748 35 75
2749 35 75
2750 35 75
2751 35 75
2752 35 75
2753 36 75
2754 36 75
2755 36 75
2756 37 75
2757 37 75
2758 38 75
2759 38 75
2760 38 75
2761 38 75
2762 39 75
2763 39 75
2764 40 75
2765 41 75
2766 42 75
2767 44 75
2768 44 75
2769 45 75
2770 47 75
2771 48 75
2772 48 75
2773 48 75
2774 50 75
2775 55 75
2776 56 75
2777 57 75
2778 61 75
2779 63 75
2780 65 75
2781 72 75
2782 84 75
2783 100 75
