0 0 0
1 0 0
2 0 0
3 0 0
4 0 0
5 0 0
6 0 0
7 0 0
8 0 0
9 0 0
10 0 0
11 0 0
12 0 0
13 0 0
14 0 0
15 0 0
16 0 0
17 0 0
18 0 0
19 0 0
20 0 0
21 0 0
22 0 0
23 0 0
24 0 0
25 0 0
26 0 0
27 0 0
28 0 0
29 0 0
30 0 0
31 0 0
32 0 0
33 0 0
34 0 0
35 0 0
36 0 0
37 0 0
38 0 0
39 0 0
40 0 0
41 0 0
42 0 0
43 0 0
44 0 0
45 0 0
46 0 0
47 0 0
48 0 0
49 0 0
50 0 0
51 0 0
52 0 0
53 0 0
54 0 0
55 0 0
56 0 0
57 0 0
58 0 0
59 0 0
60 0 0
61 0 0
62 0 0
63 0 0
64 0 0
65 0 0
66 0 0
67 0 0
68 0 0
69 0 0
70 0 0
71 0 0
72 0 0
73 0 0
74 0 0
75 0 0
76 0 0
77 0 0
78 0 0
79 0 0
80 0 0
81 0 0
82 0 0
83 0 0
84 0 0
85 0 0
86 0 0
87 0 0
88 0 0
89 0 0
90 0 0
91 0 0
92 0 0
93 0 0
94 0 0
95 0 0
96 0 0
97 0 0
98 0 0
99 0 0
100 0 0
101 0 0
102 0 0
103 0 0
104 0 0
105 0 0
106 0 0
107 0 0
108 0 0
109 0 0
110 0 0
111 0 0
112 0 0
113 0 0
114 0 0
115 0 0
116 0 0
117 0 0
118 0 0
119 0 0
120 0 0
121 0 0
122 0 0
123 0 0
124 0 0
125 0 0
126 0 0
127 0 0
128 0 0
129 0 0
130 0 0
131 0 0
132 0 0
133 0 0
134 0 0
135 0 0
136 0 0
137 0 0
138 0 0
139 0 0
140 0 0
141 0 0
142 0 0
143 0 0
144 0 0
145 0 0
146 0 0
147 0 0
148 0 0
149 0 0
150 0 0
151 0 0
152 0 0
153 0 0
154 0 0
155 0 0
156 0 0
157 0 0
158 0 0
159 0 0
160 0 0
161 0 0
162 0 0
163 0 0
164 0 0
165 0 0
166 0 0
167 0 0
168 0 0
169 0 0
170 0 0
171 0 0
172 0 0
173 0 0
174 0 0
175 0 0
176 0 0
177 0 0
178 0 0
179 0 0
180 0 0
181 0 0
182 0 0
183 0 0
184 0 0
185 0 0
186 0 0
187 0 0
188 0 0
189 0 0
190 0 0
191 0 0
192 0 0
193 0 0
194 0 0
195 0 0
196 0 0
197 0 0
198 0 0
199 0 0
200 0 0
201 0 0
202 0 0
203 0 0
204 0 0
205 0 0
206 0 0
207 0 0
208 0 0
209 0 0
210 0 0
211 0 0
212 0 0
213 0 0
214 0 0
215 0 0
216 0 0
217 0 0
218 0 0
219 0 0
220 0 0
221 0 0
222 0 0
223 0 0
224 0 0
225 0 0
226 0 0
227 0 0
228 0 0
229 0 0
230 0 0
231 0 0
232 0 0
233 0 0
234 0 0
235 0 0
236 0 0
237 0 0
238 0 0
239 0 0
240 0 0
241 0 0
242 0 0
243 0 0
244 0 0
245 0 0
246 0 0
247 0 0
248 0 0
249 0 0
250 0 0
251 0 0
252 0 0
253 0 0
254 0 0
255 0 0
256 0 0
257 0 0
258 0 0
259 0 0
260 0 0
261 0 0
262 0 0
263 0 0
264 0 0
265 0 0
266 0 0
267 0 0
268 0 0
269 0 0
270 0 0
271 0 0
272 0 0
273 0 0
274 0 0
275 0 0
276 0 0
277 0 0
278 0 0
279 0 0
280 0 0
281 0 0
282 0 0
283 0 0
284 0 0
285 0 0
286 0 0
287 0 0
288 0 0
289 0 0
290 0 0
291 0 0
292 0 0
293 0 0
294 0 0
295 0 0
296 0 0
297 0 0
298 0 0
299 0 0
300 0 0
301 0 0
302 0 0
303 0 0
304 0 0
305 0 0
306 0 0
307 0 0
308 0 0
309 0 0
310 0 0
311 0 0
312 0 0
313 0 0
314 0 0
315 0 0
316 0 0
317 0 0
318 0 0
319 0 0
320 0 0
321 0 0
322 0 0
323 0 0
324 0 0
325 0 0
326 0 0
327 0 0
328 0 0
329 0 0
330 0 0
331 0 0
332 0 0
333 0 0
334 0 0
335 0 0
336 0 0
337 0 0
338 0 0
339 0 0
340 0 0
341 0 0
342 0 0
343 0 0
344 0 0
345 0 0
346 0 0
347 0 0
348 0 0
349 0 0
350 0 0
351 0 0
352 0 0
353 0 0
354 0 0
355 0 0
356 0 0
357 0 0
358 0 0
359 0 0
360 0 0
361 0 0
362 0 0
363 0 0
364 0 0
365 0 0
366 0 0
367 0 0
368 0 0
369 0 0
370 0 0
371 0 0
372 0 0
373 0 0
374 0 0
375 0 0
376 0 0
377 0 0
378 0 0
379 0 0
380 0 0
381 0 0
382 0 0
383 0 0
384 0 0
385 0 0
386 0 0
387 0 0
388 0 0
389 0 0
390 0 0
391 0 0
392 0 0
393 0 0
394 0 0
395 0 0
396 0 0
397 0 0
398 0 0
399 0 0
400 0 0
401 0 0
402 0 0
403 0 0
404 0 0
405 0 0
406 0 0
407 0 0
408 0 0
409 0 0
410 0 0
411 0 0
412 0 0
413 0 0
414 0 0
415 0 0
416 0 0
417 0 0
418 0 0
419 0 0
420 0 0
421 0 0
422 0 0
423 0 0
424 0 0
425 0 0
426 0 0
427 0 0
428 0 0
429 0 0
430 0 0
431 0 0
432 0 0
433 0 0
434 0 0
435 0 0
436 0 0
437 0 0
438 0 0
439 0 0
440 0 0
441 0 0
442 0 0
443 0 0
444 0 0
445 0 0
446 0 0
447 0 0
448 0 0
449 0 0
450 0 0
451 0 0
452 0 0
453 0 0
454 0 0
455 0 0
456 0 0
457 0 0
458 0 0
459 0 0
460 0 0
461 0 0
462 0 0
463 0 0
464 0 0
465 0 0
466 0 0
467 0 0
468 0 0
469 0 0
470 0 0
471 0 0
472 0 0
473 0 0
474 0 0
475 0 0
476 0 0
477 0 0
478 0 0
479 0 0
480 0 0
481 0 0
482 0 0
483 0 0
484 0 0
485 0 0
486 0 0
487 0 0
488 0 0
489 0 0
490 0 0
491 0 0
492 0 0
493 0 0
494 0 0
495 0 0
496 0 0
497 0 0
498 0 0
499 0 0
500 0 0
501 0 0
502 0 0
503 0 0
504 0 0
505 0 0
506 0 0
507 0 0
508 0 0
509 0 0
510 0 0
511 0 0
512 0 0
513 0 0
514 0 0
515 0 0
516 0 0
517 0 0
518 0 0
519 0 0
520 0 0
521 0 0
522 0 0
523 0 0
524 0 0
525 0 0
526 0 0
527 0 0
528 0 0
529 0 0
530 0 0
531 0 0
532 0 0
533 0 0
534 0 0
535 0 0
536 0 0
537 0 0
538 0 0
539 0 0
540 0 0
541 0 0
542 0 0
543 0 1
544 0 1
545 0 1
546 0 1
547 0 1
548 0 1
549 0 1
550 0 1
551 0 1
552 0 1
553 0 1
554 0 1
555 0 1
556 0 1
557 0 1
558 0 1
559 0 1
560 0 1
561 0 1
562 0 1
563 0 1
564 0 1
565 0 1
566 0 1
567 0 1
568 0 1
569 0 1
570 0 1
571 0 2
572 0 2
573 0 2
574 0 2
575 0 2
576 0 2
577 0 2
578 0 2
579 0 2
580 0 2
581 0 2
582 0 2
583 0 2
584 0 2
585 0 2
586 0 2
587 0 2
588 0 2
589 0 2
590 0 2
591 0 2
592 0 2
593 0 2
594 0 2
595 0 2
596 0 2
597 0 2
598 0 2
599 0 2
600 0 2
601 0 2
602 0 2
603 0 2
604 0 2
605 0 2
606 0 2
607 0 2
608 0 2
609 0 2
610 0 2
611 0 2
612 0 2
613 0 2
614 0 2
615 0 2
616 0 2
617 0 2
618 0 2
619 0 2
620 0 2
621 0 2
622 0 2
623 0 2
624 0 2
625 0 2
626 0 2
627 0 2
628 0 2
629 0 2
630 0 2
631 0 2
632 0 2
633 0 2
634 0 2
635 0 2
636 0 2
637 0 2
638 0 2
639 0 2
640 0 2
641 0 2
642 0 2
643 0 2
644 0 2
645 0 2
646 0 2
647 0 2
648 0 2
649 0 2
650 0 2
651 0 2
652 0 2
653 0 2
654 0 2
655 0 2
656 0 2
657 0 2
658 0 2
659 0 2
660 0 2
661 0 2
662 0 2
663 0 3
664 0 3
665 0 3
666 0 3
667 0 3
668 0 3
669 0 3
670 0 3
671 0 3
672 0 3
673 0 3
674 0 3
675 0 3
676 0 3
677 0 3
678 0 3
679 0 3
680 0 3
681 0 4
682 0 4
683 0 4
684 0 4
685 0 4
686 0 4
687 1 4
688 1 4
689 1 4
690 1 4
691 1 4
692 1 4
693 1 4
694 1 4
695 1 4
696 1 4
697 1 4
698 1 4
699 1 4
700 1 4
701 1 4
702 1 4
703 1 4
704 1 4
705 1 4
706 1 4
707 1 4
708 1 4
709 1 4
710 1 4
711 1 4
712 1 4
713 1 4
714 1 4
715 1 4
716 1 4
717 1 5
718 1 6
719 1 6
720 1 6
721 1 6
722 1 6
723 1 6
724 1 6
725 1 6
726 1 6
727 1 6
728 1 6
729 1 6
730 1 6
731 1 7
732 1 7
733 1 7
734 1 7
735 1 7
736 1 7
737 1 7
738 1 7
739 1 7
740 1 7
741 1 7
742 1 7
743 1 7
744 1 7
745 1 7
746 1 7
747 1 7
748 1 7
749 1 7
750 1 7
751 1 7
752 1 7
753 1 7
754 1 8
755 1 8
756 1 8
757 1 8
758 1 8
759 1 8
760 1 8
761 1 8
762 1 8
763 1 8
764 1 8
765 1 7
766 1 7
767 1 7
768 1 7
769 1 7
770 1 7
771 1 7
772 1 7
773 1 7
774 1 8
775 1 8
776 1 8
777 1 8
778 1 8
779 1 8
780 1 8
781 1 8
782 1 8
783 1 8
784 1 8
785 1 8
786 1 8
787 1 8
788 1 8
789 1 8
790 1 8
791 1 8
792 1 8
793 1 8
794 1 8
795 1 8
796 1 8
797 1 8
798 1 8
799 1 8
800 1 8
801 1 8
802 1 8
803 1 8
804 1 8
805 1 8
806 1 8
807 1 8
808 1 8
809 1 8
810 1 8
811 1 8
812 1 8
813 1 8
814 1 8
815 1 8
816 1 8
817 1 9
818 1 9
819 1 9
820 1 9
821 1 9
822 1 9
823 1 9
824 1 9
825 1 9
826 1 9
827 1 9
828 1 9
829 1 9
830 1 8
831 1 8
832 1 8
833 1 8
834 1 8
835 1 8
836 1 8
837 1 8
838 1 8
839 1 8
840 1 8
841 1 8
842 1 8
843 1 8
844 1 8
845 1 8
846 1 9
847 1 9
848 1 9
849 1 9
850 1 9
851 1 9
852 1 9
853 1 9
854 1 9
855 1 9
856 1 9
857 1 9
858 1 9
859 1 9
860 1 9
861 1 9
862 1 9
863 1 9
864 1 10
865 1 10
866 1 9
867 1 9
868 1 9
869 1 9
870 1 9
871 1 9
872 1 9
873 1 9
874 1 9
875 1 9
876 1 10
877 1 10
878 1 10
879 1 10
880 1 10
881 1 10
882 1 10
883 1 10
884 1 10
885 1 10
886 1 10
887 1 10
888 1 10
889 1 10
890 1 10
891 1 10
892 1 10
893 1 10
894 1 10
895 1 10
896 1 10
897 1 10
898 1 10
899 1 10
900 1 10
901 1 10
902 1 11
903 1 11
904 1 11
905 1 11
906 1 11
907 1 11
908 1 11
909 1 11
910 1 11
911 1 11
912 1 11
913 1 11
914 1 11
915 1 11
916 1 11
917 1 11
918 1 11
919 1 11
920 1 11
921 1 11
922 1 11
923 1 11
924 1 11
925 1 11
926 1 11
927 1 11
928 1 11
929 1 11
930 1 11
931 1 11
932 1 11
933 1 11
934 1 11
935 1 11
936 1 11
937 1 11
938 1 11
939 1 11
940 1 11
941 1 11
942 1 11
943 1 11
944 1 11
945 1 11
946 1 11
947 1 11
948 1 11
949 1 11
950 1 11
951 1 11
952 1 11
953 1 11
954 1 11
955 1 10
956 1 10
957 1 10
958 1 10
959 1 10
960 1 10
961 1 10
962 1 10
963 1 10
964 1 10
965 1 10
966 1 10
967 1 10
968 1 10
969 1 10
970 1 10
971 1 10
972 1 10
973 1 10
974 1 10
975 1 10
976 1 10
977 1 10
978 1 10
979 1 10
980 1 10
981 1 10
982 1 10
983 1 10
984 1 10
985 1 10
986 1 10
987 1 10
988 1 10
989 1 10
990 1 10
991 1 10
992 1 10
993 1 10
994 1 10
995 1 10
996 1 10
997 1 10
998 1 10
999 1 10
1000 1 10
1001 1 10
1002 1 10
1003 1 10
1004 1 10
1005 1 10
1006 1 10
1007 1 10
1008 1 10
1009 1 10
1010 1 10
1011 1 10
1012 1 10
1013 1 10
1014 1 10
1015 1 10
1016 1 10
1017 1 10
1018 1 10
1019 1 10
1020 1 10
1021 1 10
1022 1 10
1023 1 10
1024 1 10
1025 1 10
1026 1 11
1027 1 11
1028 1 11
1029 1 11
1030 1 10
1031 1 10
1032 1 11
1033 1 11
1034 1 11
1035 1 11
1036 1 11
1037 1 11
1038 1 11
1039 1 11
1040 1 11
1041 1 11
1042 1 11
1043 1 11
1044 1 11
1045 1 11
1046 1 11
1047 1 11
1048 1 11
1049 1 11
1050 1 11
1051 1 11
1052 1 11
1053 1 11
1054 1 11
1055 1 11
1056 1 11
1057 1 11
1058 1 11
1059 1 11
1060 1 11
1061 1 11
1062 1 11
1063 1 11
1064 1 11
1065 1 11
1066 1 11
1067 1 11
1068 1 11
1069 1 11
1070 1 11
1071 1 11
1072 1 11
1073 1 11
1074 1 11
1075 1 11
1076 1 11
1077 1 11
1078 1 11
1079 1 11
1080 1 11
1081 1 11
1082 1 11
1083 1 11
1084 1 11
1085 1 11
1086 1 11
1087 1 11
1088 1 12
1089 1 12
1090 1 12
1091 1 12
1092 1 12
1093 1 12
1094 1 12
1095 1 12
1096 1 12
1097 1 12
1098 1 12
1099 1 12
1100 1 12
1101 1 12
1102 1 12
1103 1 11
1104 1 11
1105 1 11
1106 1 11
1107 1 11
1108 1 11
1109 1 11
1110 1 11
1111 1 11
1112 1 11
1113 1 11
1114 1 11
1115 1 11
1116 1 11
1117 1 11
1118 1 11
1119 1 11
1120 1 11
1121 1 11
1122 1 11
1123 1 11
1124 1 11
1125 1 11
1126 1 11
1127 1 11
1128 1 11
1129 1 11
1130 1 11
1131 1 11
1132 1 11
1133 1 12
1134 1 12
1135 1 12
1136 1 12
1137 1 11
1138 1 11
1139 2 11
1140 2 11
1141 2 11
1142 2 11
1143 2 11
1144 2 11
1145 2 11
1146 2 11
1147 2 11
1148 2 11
1149 2 11
1150 2 11
1151 2 11
1152 2 11
1153 2 11
1154 2 11
1155 2 11
1156 2 11
1157 2 11
1158 2 11
1159 2 11
1160 2 11
1161 2 11
1162 2 11
1163 2 11
1164 2 11
1165 2 11
1166 2 11
1167 2 11
1168 2 11
1169 2 11
1170 2 11
1171 2 11
1172 2 11
1173 2 11
1174 2 11
1175 2 11
1176 2 11
1177 2 11
1178 2 11
1179 2 11
1180 2 11
1181 2 11
1182 2 11
1183 2 11
1184 2 11
1185 2 11
1186 2 11
1187 2 11
1188 2 11
1189 2 11
1190 2 11
1191 2 11
1192 2 11
1193 2 11
1194 2 11
1195 2 11
1196 2 11
1197 2 11
1198 2 11
1199 2 11
1200 2 11
1201 2 11
1202 2 11
1203 2 11
1204 2 11
1205 2 11
1206 2 11
1207 2 11
1208 2 11
1209 2 11
1210 2 11
1211 2 11
1212 2 11
1213 2 11
1214 2 11
1215 2 11
1216 2 11
1217 2 11
1218 2 11
1219 2 11
1220 2 11
1221 2 11
1222 2 11
1223 2 11
1224 2 11
1225 2 11
1226 2 11
1227 2 11
1228 2 11
1229 2 11
1230 2 11
1231 2 11
1232 2 11
1233 2 11
1234 2 11
1235 2 11
1236 2 11
1237 2 11
1238 2 11
1239 2 11
1240 2 11
1241 2 11
1242 2 11
1243 2 11
1244 2 11
1245 2 11
1246 2 11
1247 2 11
1248 2 12
1249 2 12
1250 2 12
1251 2 12
1252 2 12
1253 2 12
1254 2 11
1255 2 11
1256 2 11
1257 2 11
1258 2 11
1259 2 11
1260 2 11
1261 2 11
1262 2 11
1263 2 12
1264 2 12
1265 2 12
1266 2 12
1267 2 12
1268 2 12
1269 2 13
1270 2 13
1271 2 13
1272 2 13
1273 2 13
1274 2 13
1275 2 13
1276 2 13
1277 2 13
1278 2 13
1279 2 13
1280 2 13
1281 2 13
1282 2 13
1283 2 13
1284 2 13
1285 2 13
1286 2 13
1287 2 13
1288 2 13
1289 2 14
1290 2 14
1291 2 13
1292 2 14
1293 2 14
1294 2 14
1295 2 14
1296 2 14
1297 2 14
1298 2 14
1299 2 14
1300 2 14
1301 2 14
1302 2 14
1303 2 14
1304 2 14
1305 2 14
1306 2 14
1307 2 14
1308 2 14
1309 2 14
1310 2 14
1311 2 14
1312 2 14
1313 2 14
1314 2 14
1315 2 14
1316 2 14
1317 2 14
1318 2 14
1319 2 14
1320 2 14
1321 2 14
1322 2 14
1323 2 14
1324 2 14
1325 2 14
1326 2 14
1327 2 14
1328 2 14
1329 2 14
1330 2 14
1331 2 14
1332 2 14
1333 2 14
1334 2 14
1335 2 14
1336 2 14
1337 2 14
1338 2 14
1339 2 14
1340 2 14
1341 2 14
1342 2 14
1343 2 14
1344 2 14
1345 2 14
1346 2 14
1347 2 14
1348 2 14
1349 2 14
1350 2 14
1351 2 14
1352 2 14
1353 2 14
1354 2 14
1355 2 14
1356 2 14
1357 2 14
1358 2 14
1359 2 14
1360 2 15
1361 2 15
1362 2 15
1363 2 15
1364 2 15
1365 2 15
1366 2 15
1367 2 15
1368 2 15
1369 2 15
1370 2 15
1371 2 15
1372 2 15
1373 2 15
1374 2 15
1375 2 15
1376 2 15
1377 2 15
1378 2 15
1379 2 15
1380 2 15
1381 2 15
1382 2 15
1383 2 15
1384 2 15
1385 2 15
1386 2 15
1387 2 15
1388 2 15
1389 2 15
1390 2 15
1391 2 15
1392 2 15
1393 2 15
1394 2 15
1395 2 15
1396 2 15
1397 2 15
1398 2 15
1399 2 15
1400 2 15
1401 2 15
1402 2 15
1403 2 15
1404 2 15
1405 2 15
1406 2 15
1407 2 15
1408 2 15
1409 2 15
1410 2 15
1411 2 15
1412 2 15
1413 2 15
1414 2 15
1415 2 15
1416 2 15
1417 2 15
1418 2 15
1419 2 15
1420 2 15
1421 2 15
1422 2 15
1423 2 15
1424 2 15
1425 2 15
1426 2 15
1427 2 15
1428 2 15
1429 2 15
1430 2 15
1431 2 15
1432 2 15
1433 2 15
1434 2 15
1435 2 15
1436 2 15
1437 2 15
1438 2 15
1439 2 15
1440 2 15
1441 2 15
1442 2 15
1443 2 15
1444 2 15
1445 2 15
1446 2 15
1447 2 15
1448 2 15
1449 2 15
1450 2 15
1451 2 15
1452 2 15
1453 2 15
1454 2 15
1455 2 15
1456 2 15
1457 2 15
1458 2 15
1459 2 15
1460 2 15
1461 2 15
1462 2 15
1463 2 15
1464 2 15
1465 3 15
1466 3 15
1467 3 15
1468 3 15
1469 3 15
1470 3 15
1471 3 15
1472 3 15
1473 3 15
1474 3 15
1475 3 15
1476 3 15
1477 3 15
1478 3 15
1479 3 15
1480 3 15
1481 3 15
1482 3 15
1483 3 15
1484 3 15
1485 3 15
1486 3 15
1487 3 15
1488 3 15
1489 3 15
1490 3 15
1491 3 15
1492 3 16
1493 3 16
1494 3 16
1495 3 16
1496 3 16
1497 3 16
1498 3 16
1499 3 16
1500 3 16
1501 3 16
1502 3 16
1503 3 16
1504 3 16
1505 3 16
1506 3 16
1507 3 16
1508 3 16
1509 3 16
1510 3 16
1511 3 16
1512 3 16
1513 3 16
1514 3 16
1515 3 16
1516 3 16
1517 3 16
1518 3 16
1519 3 16
1520 3 16
1521 3 16
1522 3 16
1523 3 16
1524 3 16
1525 3 16
1526 3 16
1527 3 16
1528 3 16
1529 3 16
1530 3 16
1531 3 16
1532 3 16
1533 3 16
1534 3 16
1535 3 16
1536 3 16
1537 3 16
1538 3 16
1539 3 16
1540 3 16
1541 3 16
1542 3 16
1543 3 16
1544 3 17
1545 3 17
1546 3 17
1547 3 17
1548 3 17
1549 3 17
1550 3 17
1551 3 17
1552 3 17
1553 3 17
1554 3 17
1555 3 17
1556 3 17
1557 3 17
1558 3 17
1559 3 17
1560 3 17
1561 3 17
1562 3 17
1563 3 17
1564 3 17
1565 3 17
1566 3 17
1567 3 17
1568 3 17
1569 3 17
1570 3 17
1571 3 17
1572 3 17
1573 3 17
1574 3 16
1575 3 16
1576 3 16
1577 3 16
1578 3 16
1579 3 16
1580 3 16
1581 3 16
1582 3 16
1583 3 17
1584 3 17
1585 3 17
1586 3 17
1587 3 17
1588 3 17
1589 3 17
1590 3 17
1591 3 17
1592 3 17
1593 3 17
1594 3 17
1595 3 17
1596 3 17
1597 3 17
1598 3 17
1599 3 17
1600 3 17
1601 3 17
1602 3 17
1603 3 17
1604 3 17
1605 3 17
1606 3 17
1607 3 17
1608 3 17
1609 3 17
1610 3 17
1611 3 17
1612 3 17
1613 3 17
1614 3 17
1615 3 17
1616 3 17
1617 3 17
1618 3 17
1619 3 17
1620 3 17
1621 3 17
1622 3 17
1623 3 17
1624 3 17
1625 3 17
1626 3 17
1627 3 17
1628 3 17
1629 3 17
1630 3 17
1631 3 17
1632 3 17
1633 3 17
1634 3 17
1635 3 17
1636 3 17
1637 3 17
1638 3 17
1639 3 17
1640 3 17
1641 3 17
1642 3 17
1643 3 17
1644 3 17
1645 3 17
1646 3 17
1647 3 17
1648 3 17
1649 3 17
1650 3 17
1651 3 17
1652 3 17
1653 3 17
1654 3 17
1655 3 17
1656 3 17
1657 3 17
1658 3 17
1659 3 17
1660 3 17
1661 3 17
1662 3 17
1663 3 17
1664 3 17
1665 3 17
1666 3 17
1667 3 17
1668 3 17
1669 3 17
1670 3 17
1671 3 17
1672 3 17
1673 3 17
1674 4 17
1675 4 17
1676 4 17
1677 4 17
1678 4 17
1679 4 17
1680 4 17
1681 4 17
1682 4 17
1683 4 17
1684 4 17
1685 4 17
1686 4 17
1687 4 17
1688 4 17
1689 4 17
1690 4 17
1691 4 17
1692 4 17
1693 4 17
1694 4 17
1695 4 17
1696 4 17
1697 4 17
1698 4 17
1699 4 17
1700 4 17
1701 4 17
1702 4 17
1703 4 17
1704 4 17
1705 4 17
1706 4 17
1707 4 17
1708 4 17
1709 4 17
1710 4 17
1711 4 17
1712 4 17
1713 4 18
1714 4 18
1715 4 18
1716 4 18
1717 4 18
1718 4 18
1719 4 18
1720 4 18
1721 4 18
1722 4 18
1723 4 18
1724 4 18
1725 4 18
1726 4 18
1727 4 18
1728 4 18
1729 4 18
1730 4 18
1731 4 18
1732 4 18
1733 4 18
1734 4 18
1735 4 18
1736 4 18
1737 4 18
1738 4 18
1739 4 18
1740 4 18
1741 4 18
1742 4 19
1743 4 19
1744 4 19
1745 4 19
1746 4 19
1747 4 19
1748 4 19
1749 4 19
1750 4 19
1751 4 19
1752 4 19
1753 4 19
1754 4 19
1755 4 19
1756 4 19
1757 4 20
1758 4 20
1759 4 20
1760 4 20
1761 4 20
1762 4 20
1763 4 20
1764 4 20
1765 4 20
1766 4 20
1767 4 20
1768 4 20
1769 4 20
1770 4 20
1771 4 20
1772 4 20
1773 4 20
1774 4 20
1775 4 20
1776 4 20
1777 4 20
1778 4 20
1779 4 20
1780 4 20
1781 4 20
1782 4 20
1783 4 20
1784 4 20
1785 4 20
1786 4 21
1787 4 21
1788 4 21
1789 4 20
1790 4 21
1791 4 21
1792 4 21
1793 4 21
1794 4 21
1795 4 21
1796 4 21
1797 4 21
1798 4 21
1799 4 21
1800 4 21
1801 4 21
1802 4 21
1803 4 21
1804 4 21
1805 4 21
1806 4 21
1807 4 21
1808 4 21
1809 4 21
1810 4 21
1811 4 21
1812 4 21
1813 4 21
1814 4 21
1815 4 21
1816 4 21
1817 4 21
1818 4 21
1819 4 21
1820 4 21
1821 4 21
1822 4 21
1823 4 21
1824 4 21
1825 4 21
1826 4 21
1827 4 21
1828 4 21
1829 4 21
1830 4 21
1831 4 21
1832 4 21
1833 4 21
1834 4 21
1835 4 21
1836 4 21
1837 4 21
1838 4 21
1839 4 21
1840 4 21
1841 4 21
1842 4 21
1843 4 21
1844 4 21
1845 4 21
1846 4 21
1847 4 21
1848 4 21
1849 4 22
1850 5 22
1851 5 21
1852 5 21
1853 5 21
1854 5 21
1855 5 21
1856 5 21
1857 5 22
1858 5 22
1859 5 22
1860 5 22
1861 5 22
1862 5 22
1863 5 22
1864 5 22
1865 5 22
1866 5 22
1867 5 22
1868 5 22
1869 5 22
1870 5 22
1871 5 22
1872 5 22
1873 5 22
1874 5 22
1875 5 22
1876 5 22
1877 5 22
1878 5 22
1879 5 22
1880 5 22
1881 5 22
1882 5 22
1883 5 22
1884 5 22
1885 5 22
1886 5 22
1887 5 22
1888 5 22
1889 5 22
1890 5 22
1891 5 22
1892 5 22
1893 5 22
1894 5 22
1895 5 22
1896 5 22
1897 5 22
1898 5 22
1899 5 22
1900 5 22
1901 5 22
1902 5 22
1903 5 22
1904 5 22
1905 5 22
1906 5 22
1907 5 22
1908 5 22
1909 5 22
1910 5 22
1911 5 22
1912 5 22
1913 5 22
1914 5 22
1915 5 22
1916 5 22
1917 5 22
1918 5 22
1919 5 23
1920 5 23
1921 5 23
1922 5 23
1923 5 23
1924 5 23
1925 5 23
1926 5 23
1927 5 23
1928 5 23
1929 5 23
1930 5 23
1931 5 23
1932 5 23
1933 5 23
1934 5 23
1935 5 23
1936 5 23
1937 5 23
1938 5 23
1939 5 23
1940 5 23
1941 5 23
1942 5 23
1943 5 23
1944 5 23
1945 5 23
1946 5 23
1947 5 23
1948 5 23
1949 5 23
1950 5 23
1951 5 23
1952 5 23
1953 5 23
1954 5 23
1955 5 23
1956 5 23
1957 5 23
1958 5 23
1959 5 23
1960 5 23
1961 5 23
1962 5 23
1963 5 23
1964 5 23
1965 5 23
1966 5 23
1967 5 23
1968 5 23
1969 5 23
1970 5 23
1971 5 23
1972 5 23
1973 5 23
1974 5 24
1975 5 24
1976 5 24
1977 5 24
1978 5 24
1979 5 24
1980 5 24
1981 5 24
1982 5 24
1983 5 24
1984 5 24
1985 5 24
1986 5 24
1987 5 24
1988 5 24
1989 5 25
1990 5 25
1991 5 25
1992 5 24
1993 5 24
1994 5 24
1995 5 24
1996 5 24
1997 5 24
1998 6 24
1999 6 24
2000 6 24
2001 6 24
2002 6 24
2003 6 25
2004 6 25
2005 6 25
2006 6 25
2007 6 25
2008 6 25
2009 6 25
2010 6 25
2011 6 25
2012 6 25
2013 6 25
2014 6 25
2015 6 25
2016 6 25
2017 6 25
2018 6 25
2019 6 25
2020 6 25
2021 6 25
2022 6 25
2023 6 25
2024 6 25
2025 6 25
2026 6 25
2027 6 25
2028 6 25
2029 6 25
2030 6 25
2031 6 25
2032 6 25
2033 6 25
2034 6 25
2035 6 25
2036 6 25
2037 6 25
2038 6 25
2039 6 25
2040 6 25
2041 6 25
2042 6 25
2043 6 25
2044 6 25
2045 6 25
2046 6 25
2047 6 25
2048 6 25
2049 6 25
2050 6 25
2051 6 25
2052 6 25
2053 6 25
2054 6 25
2055 6 25
2056 6 25
2057 6 25
2058 6 25
2059 6 25
2060 6 25
2061 6 25
2062 6 26
2063 6 26
2064 6 26
2065 6 26
2066 6 26
2067 6 26
2068 6 26
2069 6 26
2070 6 26
2071 6 26
2072 6 26
2073 6 26
2074 6 26
2075 6 26
2076 6 26
2077 6 26
2078 6 26
2079 6 26
2080 6 26
2081 6 26
2082 6 26
2083 6 26
2084 6 26
2085 6 26
2086 6 26
2087 6 26
2088 6 26
2089 6 26
2090 6 26
2091 6 27
2092 6 27
2093 6 27
2094 6 27
2095 6 27
2096 6 27
2097 6 27
2098 6 27
2099 6 27
2100 6 27
2101 6 27
2102 6 27
2103 6 27
2104 6 27
2105 6 27
2106 6 27
2107 6 27
2108 6 27
2109 6 27
2110 6 27
2111 6 27
2112 6 27
2113 6 27
2114 6 27
2115 6 27
2116 6 27
2117 6 27
2118 7 27
2119 7 27
2120 7 27
2121 7 27
2122 7 27
2123 7 27
2124 7 27
2125 7 27
2126 7 27
2127 7 27
2128 7 27
2129 7 27
2130 7 27
2131 7 27
2132 7 27
2133 7 27
2134 7 27
2135 7 27
2136 7 27
2137 7 27
2138 7 27
2139 7 27
2140 7 27
2141 7 28
2142 7 28
2143 7 28
2144 7 28
2145 7 28
2146 7 28
2147 7 28
2148 7 28
2149 7 28
2150 7 28
2151 7 28
2152 7 28
2153 7 28
2154 7 28
2155 7 28
2156 7 29
2157 7 29
2158 7 29
2159 7 29
2160 7 29
2161 7 29
2162 7 29
2163 7 29
2164 7 29
2165 7 29
2166 7 29
2167 7 29
2168 7 29
2169 7 29
2170 7 29
2171 7 29
2172 7 29
2173 7 29
2174 7 29
2175 7 29
2176 7 29
2177 7 29
2178 7 29
2179 7 29
2180 7 30
2181 7 30
2182 7 30
2183 7 30
2184 7 30
2185 7 30
2186 7 30
2187 7 30
2188 7 30
2189 7 30
2190 7 30
2191 7 30
2192 7 30
2193 7 30
2194 7 30
2195 7 30
2196 7 30
2197 7 30
2198 7 30
2199 7 30
2200 7 30
2201 7 30
2202 7 31
2203 7 31
2204 7 31
2205 7 31
2206 7 31
2207 7 31
2208 8 31
2209 8 31
2210 8 31
2211 8 31
2212 8 31
2213 8 31
2214 8 31
2215 8 31
2216 8 31
2217 8 31
2218 8 31
2219 8 31
2220 8 31
2221 8 31
2222 8 31
2223 8 31
2224 8 31
2225 8 31
2226 8 31
2227 8 31
2228 8 31
2229 8 31
2230 8 31
2231 8 31
2232 8 31
2233 8 31
2234 8 32
2235 8 32
2236 8 32
2237 8 32
2238 8 32
2239 8 31
2240 8 32
2241 8 32
2242 8 32
2243 8 32
2244 8 32
2245 8 32
2246 8 32
2247 8 32
2248 8 32
2249 8 32
2250 8 32
2251 8 32
2252 8 32
2253 8 32
2254 8 32
2255 8 32
2256 8 32
2257 8 32
2258 8 32
2259 8 33
2260 8 33
2261 8 33
2262 8 33
2263 8 33
2264 8 33
2265 8 33
2266 8 33
2267 8 33
2268 8 33
2269 8 33
2270 8 34
2271 8 34
2272 8 34
2273 8 34
2274 8 34
2275 9 34
2276 9 34
2277 9 34
2278 9 34
2279 9 34
2280 9 34
2281 9 34
2282 9 34
2283 9 34
2284 9 34
2285 9 34
2286 9 34
2287 9 34
2288 9 34
2289 9 34
2290 9 34
2291 9 34
2292 9 34
2293 9 34
2294 9 34
2295 9 34
2296 9 34
2297 9 34
2298 9 34
2299 9 34
2300 9 34
2301 9 34
2302 9 34
2303 9 34
2304 9 34
2305 9 34
2306 9 34
2307 9 34
2308 9 35
2309 9 35
2310 9 35
2311 9 35
2312 9 35
2313 9 35
2314 9 35
2315 9 35
2316 9 35
2317 9 35
2318 9 35
2319 9 35
2320 9 35
2321 9 35
2322 9 35
2323 9 35
2324 9 35
2325 9 35
2326 9 35
2327 9 35
2328 9 35
2329 9 35
2330 9 35
2331 9 35
2332 9 35
2333 9 35
2334 9 35
2335 9 35
2336 9 35
2337 9 35
2338 9 35
2339 9 35
2340 10 35
2341 10 35
2342 10 35
2343 10 35
2344 10 35
2345 10 35
2346 10 35
2347 10 36
2348 10 36
2349 10 36
2350 10 36
2351 10 36
2352 10 36
2353 10 36
2354 10 36
2355 10 36
2356 10 36
2357 10 36
2358 10 36
2359 10 36
2360 10 36
2361 10 36
2362 10 37
2363 10 37
2364 10 37
2365 10 37
2366 10 37
2367 10 37
2368 10 37
2369 10 37
2370 10 37
2371 10 37
2372 10 37
2373 10 37
2374 10 37
2375 10 37
2376 10 37
2377 10 37
2378 10 37
2379 10 37
2380 10 37
2381 10 37
2382 10 37
2383 10 37
2384 10 37
2385 10 37
2386 10 37
2387 10 37
2388 10 37
2389 10 37
2390 10 37
2391 10 37
2392 10 37
2393 10 37
2394 10 37
2395 10 37
2396 10 37
2397 10 37
2398 10 38
2399 10 38
2400 10 38
2401 10 38
2402 10 38
2403 10 38
2404 10 38
2405 10 38
2406 10 38
2407 10 38
2408 10 38
2409 10 38
2410 11 38
2411 11 38
2412 11 38
2413 11 38
2414 11 38
2415 11 38
2416 11 38
2417 11 38
2418 11 38
2419 11 38
2420 11 38
2421 11 38
2422 11 38
2423 11 38
2424 11 38
2425 11 38
2426 11 38
2427 11 38
2428 11 39
2429 11 39
2430 11 39
2431 11 39
2432 11 39
2433 11 39
2434 11 39
2435 11 39
2436 11 39
2437 11 39
2438 11 39
2439 11 39
2440 11 39
2441 11 39
2442 11 40
2443 11 40
2444 11 40
2445 11 40
2446 11 40
2447 11 40
2448 11 40
2449 11 40
2450 11 40
2451 11 40
2452 11 40
2453 11 40
2454 11 40
2455 11 40
2456 11 40
2457 11 40
2458 11 40
2459 11 40
2460 11 40
2461 11 40
2462 11 40
2463 11 40
2464 11 40
2465 11 40
2466 11 40
2467 12 40
2468 12 40
2469 12 40
2470 12 41
2471 12 41
2472 12 41
2473 12 41
2474 12 41
2475 12 41
2476 12 41
2477 12 41
2478 12 41
2479 12 41
2480 12 41
2481 12 41
2482 12 41
2483 12 41
2484 12 41
2485 12 41
2486 12 41
2487 12 41
2488 12 41
2489 12 41
2490 12 41
2491 12 41
2492 12 41
2493 12 41
2494 12 41
2495 12 41
2496 12 41
2497 12 41
2498 12 41
2499 13 41
2500 13 41
2501 13 41
2502 13 41
2503 13 42
2504 13 42
2505 13 42
2506 13 42
2507 13 42
2508 13 42
2509 13 42
2510 13 42
2511 13 42
2512 13 42
2513 13 42
2514 13 42
2515 13 42
2516 13 42
2517 13 43
2518 13 43
2519 13 43
2520 13 43
2521 13 43
2522 13 43
2523 13 43
2524 13 43
2525 13 43
2526 13 43
2527 13 43
2528 13 43
2529 13 43
2530 13 43
2531 13 43
2532 14 43
2533 14 43
2534 14 43
2535 14 43
2536 14 43
2537 14 43
2538 14 43
2539 14 43
2540 14 44
2541 14 44
2542 14 44
2543 14 44
2544 14 44
2545 14 44
2546 14 44
2547 14 44
2548 14 44
2549 14 44
2550 14 44
2551 14 44
2552 14 44
2553 14 44
2554 14 44
2555 14 44
2556 14 44
2557 14 44
2558 14 44
2559 14 44
2560 14 44
2561 14 44
2562 14 45
2563 14 45
2564 14 45
2565 14 45
2566 14 45
2567 14 45
2568 14 45
2569 14 45
2570 14 45
2571 15 45
2572 15 45
2573 15 45
2574 15 45
2575 15 45
2576 15 45
2577 15 45
2578 15 45
2579 15 45
2580 15 45
2581 15 45
2582 15 45
2583 15 45
2584 15 45
2585 15 45
2586 15 45
2587 15 45
2588 15 45
2589 15 45
2590 15 45
2591 15 45
2592 15 45
2593 15 45
2594 15 45
2595 15 45
2596 16 45
2597 16 45
2598 16 45
2599 16 46
2600 16 46
2601 16 46
2602 16 46
2603 16 46
2604 16 46
2605 16 46
2606 16 46
2607 16 46
2608 16 46
2609 16 46
2610 16 46
2611 16 46
2612 16 46
2613 16 46
2614 16 46
2615 16 46
2616 16 46
2617 16 46
2618 16 46
2619 16 46
2620 16 46
2621 17 46
2622 17 46
2623 17 46
2624 17 46
2625 17 46
2626 17 46
2627 17 46
2628 17 46
2629 17 46
2630 17 46
2631 17 47
2632 17 47
2633 18 47
2634 18 47
2635 18 47
2636 18 47
2637 18 47
2638 18 47
2639 18 47
2640 18 47
2641 18 47
2642 18 47
2643 18 47
2644 18 47
2645 18 47
2646 18 47
2647 18 47
2648 19 47
2649 19 47
2650 19 47
2651 19 47
2652 19 47
2653 19 47
2654 19 47
2655 19 47
2656 19 48
2657 19 48
2658 19 48
2659 19 48
2660 19 48
2661 19 48
2662 19 48
2663 19 48
2664 19 48
2665 20 48
2666 20 48
2667 20 48
2668 20 48
2669 20 48
2670 20 48
2671 20 48
2672 20 48
2673 21 48
2674 21 48
2675 21 48
2676 21 48
2677 21 48
2678 21 48
2679 21 48
2680 22 48
2681 22 48
2682 22 48
2683 22 48
2684 22 48
2685 23 49
2686 23 49
2687 23 49
2688 23 49
2689 23 49
2690 23 49
2691 23 49
2692 23 49
2693 24 49
2694 24 49
2695 24 49
2696 24 49
2697 24 49
2698 24 49
2699 24 49
2700 24 49
2701 24 49
2702 24 49
2703 24 49
2704 24 49
2705 24 49
2706 25 49
2707 25 50
2708 25 50
2709 25 50
2710 25 50
2711 26 50
2712 26 50
2713 27 50
2714 27 50
2715 27 50
2716 27 50
2717 28 50
2718 28 50
2719 28 50
2720 28 50
2721 28 50
2722 29 50
2723 29 50
2724 29 50
2725 29 50
2726 29 50
2727 29 50
2728 29 50
2729 29 50
2730 30 50
2731 30 50
2732 31 50
2733 31 50
2734 32 50
2735 32 50
2736 33 50
2737 33 50
2738 33 50
2739 33 50
2740 34 50
2741 34 50
2742 34 51
2743 34 51
2744 34 51
2745 35 51
2746 35 51
2747 35 51
2748 35 51
2749 35 51
2750 35 51
2751 35 51
2752 35 51
2753 36 51
2754 36 51
2755 36 51
2756 37 51
2757 37 51
2758 38 51
2759 38 51
2760 38 51
2761 38 51
2762 39 51
2763 39 51
2764 40 51
2765 41 51
2766 42 51
2767 44 51
2768 44 51
2769 45 51
2770 47 52
2771 48 52
2772 48 52
2773 48 52
2774 50 52
2775 55 52
2776 56 52
2777 57 52
2778 61 52
2779 63 52
2780 65 52
2781 72 52
2782 84 52
2783 100 52
