0 0 0
1 0 0
2 0 0
3 0 0
4 0 0
5 0 0
6 0 0
7 0 0
8 0 0
9 0 0
10 0 0
11 0 0
12 0 0
13 0 0
14 0 0
15 0 0
16 0 0
17 0 0
18 0 0
19 0 0
20 0 0
21 0 0
22 0 0
23 0 0
24 0 0
25 0 0
26 0 0
27 0 0
28 0 0
29 0 0
30 0 0
31 0 0
32 0 0
33 0 0
34 0 0
35 0 0
36 0 0
37 0 0
38 0 0
39 0 0
40 0 0
41 0 0
42 0 0
43 0 0
44 0 0
45 0 0
46 0 0
47 0 0
48 0 0
49 0 0
50 0 0
51 0 0
52 0 0
53 0 0
54 0 0
55 0 0
56 0 0
57 0 0
58 0 0
59 0 0
60 0 0
61 0 0
62 0 0
63 0 0
64 0 0
65 0 0
66 0 0
67 0 0
68 0 0
69 0 0
70 0 0
71 0 0
72 0 0
73 0 0
74 0 0
75 0 0
76 0 0
77 0 0
78 0 0
79 0 0
80 0 0
81 0 0
82 0 0
83 0 0
84 0 0
85 0 0
86 0 0
87 0 0
88 0 0
89 0 0
90 0 0
91 0 0
92 0 0
93 0 0
94 0 0
95 0 0
96 0 0
97 0 0
98 0 0
99 0 0
100 0 0
101 0 0
102 0 0
103 0 0
104 0 0
105 0 0
106 0 0
107 0 0
108 0 0
109 0 0
110 0 0
111 0 0
112 0 0
113 0 0
114 0 0
115 0 0
116 0 0
117 0 0
118 0 0
119 0 0
120 0 0
121 0 0
122 0 0
123 0 0
124 0 0
125 0 0
126 0 0
127 0 0
128 0 0
129 0 0
130 0 0
131 0 0
132 0 0
133 0 0
134 0 0
135 0 0
136 0 0
137 0 0
138 0 0
139 0 0
140 0 0
141 0 0
142 0 0
143 0 0
144 0 0
145 0 0
146 0 0
147 0 0
148 0 0
149 0 0
150 0 0
151 0 0
152 0 0
153 0 0
154 0 0
155 0 0
156 0 0
157 0 0
158 0 0
159 0 0
160 0 0
161 0 0
162 0 0
163 0 0
164 0 0
165 0 0
166 0 0
167 0 0
168 0 0
169 0 0
170 0 0
171 0 0
172 0 0
173 0 0
174 0 0
175 0 0
176 0 0
177 0 0
178 0 0
179 0 0
180 0 0
181 0 0
182 0 0
183 0 0
184 0 0
185 0 0
186 0 0
187 0 0
188 0 0
189 0 0
190 0 0
191 0 0
192 0 0
193 0 0
194 0 0
195 0 0
196 0 0
197 0 0
198 0 0
199 0 0
200 0 0
201 0 0
202 0 0
203 0 0
204 0 0
205 0 0
206 0 0
207 0 0
208 0 0
209 0 0
210 0 0
211 0 0
212 0 0
213 0 0
214 0 0
215 0 0
216 0 0
217 0 0
218 0 0
219 0 0
220 0 0
221 0 0
222 0 0
223 0 0
224 0 0
225 0 0
226 0 0
227 0 0
228 0 0
229 0 0
230 0 0
231 0 0
232 0 0
233 0 0
234 0 0
235 0 0
236 0 0
237 0 0
238 0 0
239 0 0
240 0 0
241 0 0
242 0 0
243 0 0
244 0 0
245 0 0
246 0 0
247 0 0
248 0 0
249 0 0
250 0 0
251 0 0
252 0 0
253 0 0
254 0 0
255 0 0
256 0 0
257 0 0
258 0 0
259 0 0
260 0 0
261 0 0
262 0 0
263 0 0
264 0 0
265 0 0
266 0 0
267 0 0
268 0 0
269 0 0
270 0 0
271 0 0
272 0 0
273 0 0
274 0 0
275 0 0
276 0 0
277 0 0
278 0 0
279 0 0
280 0 0
281 0 0
282 0 0
283 0 0
284 0 0
285 0 0
286 0 0
287 0 0
288 0 0
289 0 0
290 0 0
291 0 0
292 0 0
293 0 0
294 0 0
295 0 0
296 0 0
297 0 0
298 0 0
299 0 0
300 0 0
301 0 0
302 0 0
303 0 0
304 0 0
305 0 0
306 0 0
307 0 0
308 0 0
309 0 0
310 0 0
311 0 0
312 0 0
313 0 0
314 0 0
315 0 0
316 0 0
317 0 0
318 0 0
319 0 0
320 0 0
321 0 0
322 0 0
323 0 0
324 0 0
325 0 0
326 0 0
327 0 0
328 0 0
329 0 0
330 0 0
331 0 0
332 0 0
333 0 0
334 0 0
335 0 0
336 0 0
337 0 0
338 0 0
339 0 0
340 0 0
341 0 0
342 0 0
343 0 0
344 0 0
345 0 0
346 0 0
347 0 0
348 0 0
349 0 0
350 0 0
351 0 0
352 0 0
353 0 0
354 0 0
355 0 0
356 0 0
357 0 0
358 0 0
359 0 0
360 0 0
361 0 0
362 0 0
363 0 0
364 0 0
365 0 0
366 0 0
367 0 0
368 0 0
369 0 0
370 0 0
371 0 0
372 0 0
373 0 0
374 0 0
375 0 0
376 0 0
377 0 0
378 0 0
379 0 0
380 0 0
381 0 0
382 0 0
383 0 0
384 0 0
385 0 0
386 0 0
387 0 0
388 0 0
389 0 0
390 0 0
391 0 0
392 0 0
393 0 0
394 0 0
395 0 0
396 0 0
397 0 0
398 0 0
399 0 0
400 0 0
401 0 0
402 0 0
403 0 0
404 0 0
405 0 0
406 0 0
407 0 0
408 0 0
409 0 0
410 0 0
411 0 0
412 0 0
413 0 0
414 0 0
415 0 0
416 0 0
417 0 0
418 0 0
419 0 0
420 0 0
421 0 0
422 0 0
423 0 0
424 0 0
425 0 0
426 0 0
427 0 0
428 0 0
429 0 0
430 0 0
431 0 0
432 0 0
433 0 0
434 0 0
435 0 0
436 0 0
437 0 0
438 0 0
439 0 0
440 0 0
441 0 0
442 0 0
443 0 0
444 0 0
445 0 0
446 0 0
447 0 0
448 0 0
449 0 0
450 0 0
451 0 0
452 0 0
453 0 0
454 0 0
455 0 0
456 0 0
457 0 0
458 0 0
459 0 0
460 0 0
461 0 0
462 0 0
463 0 0
464 0 0
465 0 0
466 0 0
467 0 0
468 0 0
469 0 0
470 0 0
471 0 0
472 0 0
473 0 0
474 0 0
475 0 0
476 0 0
477 0 0
478 0 0
479 0 0
480 0 0
481 0 0
482 0 0
483 0 0
484 0 0
485 0 0
486 0 0
487 0 0
488 0 0
489 0 0
490 0 0
491 0 0
492 0 0
493 0 0
494 0 0
495 0 0
496 0 0
497 0 0
498 0 0
499 0 0
500 0 0
501 0 0
502 0 0
503 0 0
504 0 0
505 0 0
506 0 0
507 0 0
508 0 0
509 0 0
510 0 0
511 0 0
512 0 0
513 0 0
514 0 0
515 0 0
516 0 0
517 0 0
518 0 0
519 0 0
520 0 0
521 0 0
522 0 0
523 0 0
524 0 0
525 0 0
526 0 0
527 0 0
528 0 0
529 0 0
530 0 0
531 0 0
532 0 0
533 0 0
534 0 0
535 0 0
536 0 0
537 0 0
538 0 0
539 0 0
540 0 0
541 0 0
542 0 0
543 0 0
544 0 0
545 0 0
546 0 0
547 0 0
548 0 0
549 0 0
550 0 0
551 0 0
552 0 0
553 0 0
554 0 0
555 0 0
556 0 0
557 0 1
558 0 1
559 0 1
560 0 1
561 0 1
562 0 1
563 0 1
564 0 1
565 0 1
566 0 1
567 0 1
568 0 1
569 0 1
570 0 1
571 0 1
572 0 1
573 0 1
574 0 1
575 0 1
576 0 1
577 0 1
578 0 1
579 0 1
580 0 1
581 0 1
582 0 1
583 0 1
584 0 1
585 0 1
586 0 1
587 0 1
588 0 1
589 0 1
590 0 1
591 0 1
592 0 1
593 0 1
594 0 1
595 0 1
596 0 1
597 0 1
598 0 1
599 0 1
600 0 1
601 0 1
602 0 1
603 0 1
604 0 1
605 0 1
606 0 1
607 0 1
608 0 1
609 0 1
610 0 1
611 0 1
612 0 1
613 0 1
614 0 1
615 0 1
616 0 1
617 0 1
618 0 1
619 0 1
620 0 1
621 0 1
622 0 1
623 0 1
624 0 1
625 0 1
626 0 1
627 0 1
628 0 2
629 0 2
630 0 2
631 0 2
632 0 2
633 0 2
634 0 2
635 0 2
636 0 2
637 0 2
638 0 2
639 0 2
640 0 2
641 0 2
642 0 2
643 0 2
644 0 2
645 0 2
646 0 2
647 0 2
648 0 2
649 0 2
650 0 2
651 0 2
652 0 2
653 0 2
654 0 2
655 0 2
656 0 2
657 0 2
658 0 2
659 0 2
660 0 2
661 0 2
662 0 2
663 0 2
664 0 2
665 0 2
666 0 2
667 0 2
668 0 2
669 0 2
670 0 2
671 0 2
672 0 2
673 0 2
674 0 2
675 0 2
676 0 2
677 0 2
678 0 2
679 0 2
680 0 2
681 0 2
682 0 2
683 0 2
684 0 2
685 0 2
686 0 2
687 1 2
688 1 2
689 1 2
690 1 2
691 1 2
692 1 2
693 1 2
694 1 2
695 1 2
696 1 2
697 1 2
698 1 2
699 1 2
700 1 2
701 1 2
702 1 2
703 1 2
704 1 2
705 1 2
706 1 2
707 1 2
708 1 2
709 1 2
710 1 2
711 1 2
712 1 2
713 1 2
714 1 2
715 1 2
716 1 2
717 1 2
718 1 2
719 1 2
720 1 2
721 1 2
722 1 2
723 1 2
724 1 2
725 1 2
726 1 2
727 1 2
728 1 2
729 1 2
730 1 2
731 1 2
732 1 2
733 1 2
734 1 2
735 1 2
736 1 2
737 1 2
738 1 2
739 1 2
740 1 2
741 1 2
742 1 2
743 1 2
744 1 2
745 1 2
746 1 2
747 1 2
748 1 2
749 1 2
750 1 2
751 1 2
752 1 2
753 1 2
754 1 2
755 1 2
756 1 2
757 1 2
758 1 2
759 1 2
760 1 2
761 1 2
762 1 2
763 1 2
764 1 2
765 1 1
766 1 1
767 1 1
768 1 1
769 1 1
770 1 1
771 1 1
772 1 1
773 1 1
774 1 1
775 1 1
776 1 1
777 1 1
778 1 1
779 1 1
780 1 1
781 1 1
782 1 1
783 1 1
784 1 2
785 1 2
786 1 2
787 1 2
788 1 2
789 1 2
790 1 2
791 1 2
792 1 2
793 1 2
794 1 2
795 1 2
796 1 2
797 1 2
798 1 2
799 1 2
800 1 2
801 1 2
802 1 2
803 1 2
804 1 2
805 1 2
806 1 2
807 1 2
808 1 2
809 1 2
810 1 2
811 1 2
812 1 2
813 1 2
814 1 2
815 1 2
816 1 2
817 1 2
818 1 2
819 1 2
820 1 2
821 1 2
822 1 2
823 1 2
824 1 2
825 1 2
826 1 2
827 1 2
828 1 2
829 1 2
830 1 2
831 1 2
832 1 2
833 1 2
834 1 2
835 1 2
836 1 2
837 1 2
838 1 2
839 1 2
840 1 2
841 1 2
842 1 2
843 1 2
844 1 2
845 1 2
846 1 2
847 1 2
848 1 2
849 1 2
850 1 2
851 1 2
852 1 2
853 1 2
854 1 2
855 1 2
856 1 2
857 1 2
858 1 2
859 1 2
860 1 2
861 1 2
862 1 2
863 1 2
864 1 2
865 1 2
866 1 2
867 1 2
868 1 2
869 1 2
870 1 2
871 1 2
872 1 2
873 1 2
874 1 2
875 1 2
876 1 2
877 1 2
878 1 2
879 1 2
880 1 2
881 1 2
882 1 2
883 1 2
884 1 2
885 1 2
886 1 2
887 1 2
888 1 2
889 1 2
890 1 2
891 1 2
892 1 2
893 1 2
894 1 2
895 1 2
896 1 2
897 1 2
898 1 2
899 1 2
900 1 2
901 1 2
902 1 2
903 1 2
904 1 2
905 1 2
906 1 2
907 1 2
908 1 2
909 1 2
910 1 2
911 1 2
912 1 2
913 1 2
914 1 2
915 1 2
916 1 2
917 1 2
918 1 2
919 1 2
920 1 2
921 1 2
922 1 2
923 1 2
924 1 2
925 1 2
926 1 2
927 1 2
928 1 2
929 1 2
930 1 2
931 1 2
932 1 3
933 1 3
934 1 3
935 1 3
936 1 3
937 1 3
938 1 3
939 1 3
940 1 3
941 1 2
942 1 3
943 1 3
944 1 3
945 1 3
946 1 3
947 1 3
948 1 3
949 1 3
950 1 3
951 1 3
952 1 3
953 1 3
954 1 3
955 1 3
956 1 3
957 1 3
958 1 3
959 1 3
960 1 3
961 1 3
962 1 4
963 1 4
964 1 4
965 1 4
966 1 4
967 1 4
968 1 4
969 1 4
970 1 4
971 1 4
972 1 4
973 1 4
974 1 4
975 1 4
976 1 4
977 1 4
978 1 4
979 1 4
980 1 4
981 1 4
982 1 4
983 1 4
984 1 4
985 1 4
986 1 4
987 1 4
988 1 4
989 1 4
990 1 4
991 1 4
992 1 4
993 1 4
994 1 4
995 1 4
996 1 4
997 1 4
998 1 4
999 1 4
1000 1 4
1001 1 4
1002 1 4
1003 1 4
1004 1 4
1005 1 4
1006 1 4
1007 1 4
1008 1 4
1009 1 4
1010 1 4
1011 1 4
1012 1 4
1013 1 4
1014 1 4
1015 1 4
1016 1 4
1017 1 4
1018 1 4
1019 1 4
1020 1 4
1021 1 4
1022 1 4
1023 1 4
1024 1 4
1025 1 4
1026 1 5
1027 1 5
1028 1 5
1029 1 5
1030 1 5
1031 1 5
1032 1 5
1033 1 5
1034 1 5
1035 1 5
1036 1 5
1037 1 5
1038 1 5
1039 1 5
1040 1 5
1041 1 5
1042 1 5
1043 1 5
1044 1 5
1045 1 5
1046 1 5
1047 1 5
1048 1 5
1049 1 5
1050 1 5
1051 1 5
1052 1 5
1053 1 5
1054 1 5
1055 1 5
1056 1 5
1057 1 5
1058 1 5
1059 1 5
1060 1 5
1061 1 5
1062 1 5
1063 1 5
1064 1 5
1065 1 5
1066 1 5
1067 1 5
1068 1 4
1069 1 4
1070 1 4
1071 1 4
1072 1 4
1073 1 4
1074 1 4
1075 1 4
1076 1 4
1077 1 4
1078 1 5
1079 1 5
1080 1 5
1081 1 5
1082 1 5
1083 1 5
1084 1 5
1085 1 5
1086 1 5
1087 1 5
1088 1 6
1089 1 6
1090 1 6
1091 1 6
1092 1 6
1093 1 6
1094 1 6
1095 1 6
1096 1 6
1097 1 6
1098 1 6
1099 1 6
1100 1 6
1101 1 6
1102 1 6
1103 1 5
1104 1 5
1105 1 5
1106 1 5
1107 1 5
1108 1 5
1109 1 5
1110 1 5
1111 1 5
1112 1 5
1113 1 5
1114 1 5
1115 1 5
1116 1 5
1117 1 5
1118 1 5
1119 1 5
1120 1 5
1121 1 5
1122 1 5
1123 1 5
1124 1 5
1125 1 5
1126 1 5
1127 1 5
1128 1 5
1129 1 5
1130 1 5
1131 1 5
1132 1 5
1133 1 5
1134 1 5
1135 1 5
1136 1 5
1137 1 5
1138 1 5
1139 2 5
1140 2 5
1141 2 5
1142 2 5
1143 2 5
1144 2 5
1145 2 5
1146 2 5
1147 2 5
1148 2 5
1149 2 5
1150 2 5
1151 2 5
1152 2 5
1153 2 5
1154 2 5
1155 2 5
1156 2 5
1157 2 5
1158 2 5
1159 2 5
1160 2 5
1161 2 5
1162 2 5
1163 2 5
1164 2 5
1165 2 5
1166 2 5
1167 2 5
1168 2 5
1169 2 5
1170 2 5
1171 2 5
1172 2 5
1173 2 5
1174 2 5
1175 2 5
1176 2 5
1177 2 5
1178 2 5
1179 2 5
1180 2 5
1181 2 5
1182 2 5
1183 2 5
1184 2 5
1185 2 5
1186 2 5
1187 2 5
1188 2 5
1189 2 5
1190 2 5
1191 2 5
1192 2 5
1193 2 5
1194 2 5
1195 2 5
1196 2 5
1197 2 5
1198 2 5
1199 2 5
1200 2 5
1201 2 5
1202 2 5
1203 2 5
1204 2 5
1205 2 5
1206 2 5
1207 2 5
1208 2 5
1209 2 5
1210 2 5
1211 2 6
1212 2 6
1213 2 6
1214 2 6
1215 2 6
1216 2 6
1217 2 6
1218 2 6
1219 2 6
1220 2 6
1221 2 6
1222 2 6
1223 2 6
1224 2 6
1225 2 6
1226 2 6
1227 2 6
1228 2 6
1229 2 6
1230 2 6
1231 2 6
1232 2 6
1233 2 6
1234 2 6
1235 2 6
1236 2 6
1237 2 6
1238 2 6
1239 2 6
1240 2 6
1241 2 6
1242 2 6
1243 2 6
1244 2 6
1245 2 6
1246 2 6
1247 2 6
1248 2 6
1249 2 6
1250 2 6
1251 2 6
1252 2 6
1253 2 6
1254 2 6
1255 2 6
1256 2 6
1257 2 6
1258 2 6
1259 2 6
1260 2 6
1261 2 6
1262 2 6
1263 2 6
1264 2 6
1265 2 6
1266 2 6
1267 2 6
1268 2 6
1269 2 6
1270 2 6
1271 2 6
1272 2 6
1273 2 6
1274 2 6
1275 2 6
1276 2 6
1277 2 6
1278 2 6
1279 2 6
1280 2 6
1281 2 6
1282 2 6
1283 2 6
1284 2 6
1285 2 6
1286 2 6
1287 2 6
1288 2 6
1289 2 6
1290 2 6
1291 2 6
1292 2 7
1293 2 7
1294 2 7
1295 2 7
1296 2 7
1297 2 7
1298 2 7
1299 2 7
1300 2 7
1301 2 7
1302 2 7
1303 2 7
1304 2 7
1305 2 7
1306 2 7
1307 2 7
1308 2 7
1309 2 7
1310 2 7
1311 2 7
1312 2 7
1313 2 7
1314 2 7
1315 2 7
1316 2 7
1317 2 7
1318 2 7
1319 2 7
1320 2 7
1321 2 7
1322 2 7
1323 2 7
1324 2 7
1325 2 7
1326 2 7
1327 2 7
1328 2 7
1329 2 7
1330 2 7
1331 2 7
1332 2 7
1333 2 7
1334 2 7
1335 2 7
1336 2 7
1337 2 7
1338 2 7
1339 2 7
1340 2 7
1341 2 7
1342 2 7
1343 2 7
1344 2 7
1345 2 7
1346 2 7
1347 2 7
1348 2 7
1349 2 7
1350 2 7
1351 2 7
1352 2 7
1353 2 7
1354 2 7
1355 2 7
1356 2 7
1357 2 7
1358 2 7
1359 2 7
1360 2 7
1361 2 7
1362 2 8
1363 2 8
1364 2 8
1365 2 8
1366 2 8
1367 2 8
1368 2 8
1369 2 8
1370 2 8
1371 2 8
1372 2 8
1373 2 8
1374 2 8
1375 2 8
1376 2 8
1377 2 8
1378 2 8
1379 2 8
1380 2 8
1381 2 8
1382 2 8
1383 2 8
1384 2 8
1385 2 8
1386 2 8
1387 2 8
1388 2 8
1389 2 8
1390 2 8
1391 2 8
1392 2 8
1393 2 8
1394 2 8
1395 2 8
1396 2 8
1397 2 8
1398 2 8
1399 2 8
1400 2 8
1401 2 8
1402 2 8
1403 2 8
1404 2 8
1405 2 8
1406 2 8
1407 2 8
1408 2 8
1409 2 8
1410 2 8
1411 2 8
1412 2 8
1413 2 8
1414 2 8
1415 2 8
1416 2 9
1417 2 9
1418 2 9
1419 2 9
1420 2 9
1421 2 9
1422 2 9
1423 2 9
1424 2 9
1425 2 9
1426 2 9
1427 2 9
1428 2 9
1429 2 9
1430 2 9
1431 2 9
1432 2 9
1433 2 9
1434 2 9
1435 2 9
1436 2 9
1437 2 9
1438 2 9
1439 2 9
1440 2 9
1441 2 9
1442 2 9
1443 2 9
1444 2 9
1445 2 9
1446 2 9
1447 2 9
1448 2 9
1449 2 9
1450 2 9
1451 2 9
1452 2 9
1453 2 9
1454 2 9
1455 2 9
1456 2 9
1457 2 9
1458 2 9
1459 2 9
1460 2 9
1461 2 10
1462 2 10
1463 2 10
1464 2 10
1465 3 10
1466 3 10
1467 3 10
1468 3 10
1469 3 10
1470 3 10
1471 3 10
1472 3 10
1473 3 10
1474 3 10
1475 3 10
1476 3 10
1477 3 10
1478 3 10
1479 3 10
1480 3 10
1481 3 10
1482 3 10
1483 3 10
1484 3 10
1485 3 10
1486 3 10
1487 3 10
1488 3 10
1489 3 10
1490 3 10
1491 3 11
1492 3 11
1493 3 11
1494 3 11
1495 3 11
1496 3 11
1497 3 11
1498 3 11
1499 3 11
1500 3 11
1501 3 11
1502 3 11
1503 3 11
1504 3 11
1505 3 11
1506 3 11
1507 3 11
1508 3 11
1509 3 11
1510 3 11
1511 3 12
1512 3 12
1513 3 12
1514 3 13
1515 3 13
1516 3 13
1517 3 13
1518 3 13
1519 3 13
1520 3 13
1521 3 13
1522 3 13
1523 3 13
1524 3 13
1525 3 13
1526 3 13
1527 3 13
1528 3 13
1529 3 13
1530 3 13
1531 3 13
1532 3 13
1533 3 13
1534 3 13
1535 3 13
1536 3 13
1537 3 13
1538 3 13
1539 3 13
1540 3 13
1541 3 13
1542 3 13
1543 3 13
1544 3 13
1545 3 13
1546 3 13
1547 3 13
1548 3 13
1549 3 13
1550 3 13
1551 3 13
1552 3 13
1553 3 13
1554 3 13
1555 3 13
1556 3 13
1557 3 13
1558 3 13
1559 3 13
1560 3 13
1561 3 13
1562 3 13
1563 3 13
1564 3 13
1565 3 13
1566 3 13
1567 3 13
1568 3 13
1569 3 13
1570 3 13
1571 3 13
1572 3 13
1573 3 13
1574 3 13
1575 3 13
1576 3 13
1577 3 13
1578 3 13
1579 3 13
1580 3 13
1581 3 13
1582 3 13
1583 3 13
1584 3 13
1585 3 13
1586 3 13
1587 3 13
1588 3 13
1589 3 13
1590 3 13
1591 3 13
1592 3 13
1593 3 13
1594 3 13
1595 3 13
1596 3 13
1597 3 13
1598 3 13
1599 3 13
1600 3 13
1601 3 13
1602 3 13
1603 3 13
1604 3 13
1605 3 13
1606 3 13
1607 3 13
1608 3 13
1609 3 13
1610 3 13
1611 3 13
1612 3 13
1613 3 13
1614 3 13
1615 3 13
1616 3 13
1617 3 13
1618 3 13
1619 3 13
1620 3 13
1621 3 13
1622 3 13
1623 3 13
1624 3 13
1625 3 13
1626 3 13
1627 3 13
1628 3 13
1629 3 13
1630 3 13
1631 3 13
1632 3 13
1633 3 13
1634 3 13
1635 3 13
1636 3 13
1637 3 13
1638 3 13
1639 3 13
1640 3 13
1641 3 13
1642 3 13
1643 3 13
1644 3 13
1645 3 13
1646 3 13
1647 3 13
1648 3 13
1649 3 13
1650 3 13
1651 3 13
1652 3 13
1653 3 13
1654 3 13
1655 3 13
1656 3 14
1657 3 14
1658 3 14
1659 3 14
1660 3 14
1661 3 14
1662 3 14
1663 3 14
1664 3 14
1665 3 14
1666 3 14
1667 3 14
1668 3 14
1669 3 14
1670 3 14
1671 3 14
1672 3 14
1673 3 14
1674 4 14
1675 4 14
1676 4 14
1677 4 14
1678 4 14
1679 4 14
1680 4 14
1681 4 14
1682 4 14
1683 4 15
1684 4 15
1685 4 15
1686 4 15
1687 4 15
1688 4 15
1689 4 15
1690 4 15
1691 4 15
1692 4 15
1693 4 15
1694 4 15
1695 4 15
1696 4 15
1697 4 15
1698 4 15
1699 4 15
1700 4 15
1701 4 15
1702 4 15
1703 4 15
1704 4 15
1705 4 15
1706 4 15
1707 4 15
1708 4 15
1709 4 15
1710 4 15
1711 4 15
1712 4 15
1713 4 15
1714 4 15
1715 4 15
1716 4 15
1717 4 15
1718 4 15
1719 4 15
1720 4 15
1721 4 15
1722 4 15
1723 4 15
1724 4 15
1725 4 15
1726 4 15
1727 4 15
1728 4 15
1729 4 15
1730 4 15
1731 4 15
1732 4 15
1733 4 15
1734 4 15
1735 4 15
1736 4 15
1737 4 15
1738 4 15
1739 4 15
1740 4 15
1741 4 15
1742 4 15
1743 4 15
1744 4 15
1745 4 15
1746 4 15
1747 4 15
1748 4 15
1749 4 15
1750 4 15
1751 4 15
1752 4 15
1753 4 15
1754 4 15
1755 4 15
1756 4 15
1757 4 15
1758 4 15
1759 4 15
1760 4 15
1761 4 15
1762 4 15
1763 4 15
1764 4 15
1765 4 15
1766 4 15
1767 4 15
1768 4 15
1769 4 15
1770 4 15
1771 4 15
1772 4 15
1773 4 15
1774 4 15
1775 4 15
1776 4 15
1777 4 15
1778 4 15
1779 4 15
1780 4 15
1781 4 15
1782 4 15
1783 4 15
1784 4 16
1785 4 16
1786 4 16
1787 4 16
1788 4 16
1789 4 15
1790 4 16
1791 4 16
1792 4 16
1793 4 16
1794 4 16
1795 4 16
1796 4 16
1797 4 16
1798 4 16
1799 4 16
1800 4 16
1801 4 16
1802 4 16
1803 4 16
1804 4 16
1805 4 16
1806 4 16
1807 4 16
1808 4 16
1809 4 16
1810 4 16
1811 4 16
1812 4 16
1813 4 16
1814 4 16
1815 4 16
1816 4 16
1817 4 16
1818 4 16
1819 4 16
1820 4 16
1821 4 16
1822 4 16
1823 4 16
1824 4 16
1825 4 16
1826 4 16
1827 4 16
1828 4 16
1829 4 16
1830 4 16
1831 4 16
1832 4 16
1833 4 16
1834 4 16
1835 4 16
1836 4 16
1837 4 16
1838 4 16
1839 4 16
1840 4 16
1841 4 16
1842 4 16
1843 4 16
1844 4 16
1845 4 16
1846 4 16
1847 4 16
1848 4 16
1849 4 16
1850 5 16
1851 5 16
1852 5 16
1853 5 16
1854 5 16
1855 5 16
1856 5 16
1857 5 16
1858 5 16
1859 5 16
1860 5 15
1861 5 15
1862 5 15
1863 5 15
1864 5 15
1865 5 15
1866 5 15
1867 5 15
1868 5 15
1869 5 15
1870 5 15
1871 5 15
1872 5 15
1873 5 16
1874 5 16
1875 5 16
1876 5 16
1877 5 16
1878 5 16
1879 5 16
1880 5 16
1881 5 16
1882 5 16
1883 5 16
1884 5 16
1885 5 16
1886 5 16
1887 5 16
1888 5 16
1889 5 16
1890 5 16
1891 5 16
1892 5 16
1893 5 16
1894 5 16
1895 5 16
1896 5 16
1897 5 16
1898 5 16
1899 5 16
1900 5 16
1901 5 16
1902 5 16
1903 5 16
1904 5 16
1905 5 16
1906 5 16
1907 5 16
1908 5 16
1909 5 16
1910 5 16
1911 5 16
1912 5 16
1913 5 16
1914 5 16
1915 5 16
1916 5 16
1917 5 16
1918 5 16
1919 5 16
1920 5 16
1921 5 16
1922 5 16
1923 5 16
1924 5 16
1925 5 16
1926 5 16
1927 5 16
1928 5 16
1929 5 16
1930 5 16
1931 5 16
1932 5 16
1933 5 16
1934 5 16
1935 5 16
1936 5 16
1937 5 16
1938 5 15
1939 5 15
1940 5 15
1941 5 15
1942 5 15
1943 5 15
1944 5 15
1945 5 15
1946 5 15
1947 5 15
1948 5 15
1949 5 15
1950 5 15
1951 5 15
1952 5 15
1953 5 15
1954 5 16
1955 5 16
1956 5 16
1957 5 16
1958 5 16
1959 5 16
1960 5 16
1961 5 16
1962 5 16
1963 5 16
1964 5 16
1965 5 16
1966 5 16
1967 5 16
1968 5 16
1969 5 16
1970 5 16
1971 5 16
1972 5 16
1973 5 16
1974 5 15
1975 5 15
1976 5 15
1977 5 15
1978 5 15
1979 5 15
1980 5 15
1981 5 15
1982 5 15
1983 5 15
1984 5 15
1985 5 15
1986 5 15
1987 5 15
1988 5 15
1989 5 15
1990 5 15
1991 5 15
1992 5 15
1993 5 15
1994 5 15
1995 5 15
1996 5 15
1997 5 15
1998 6 15
1999 6 15
2000 6 15
2001 6 15
2002 6 15
2003 6 15
2004 6 15
2005 6 15
2006 6 15
2007 6 15
2008 6 15
2009 6 15
2010 6 15
2011 6 15
2012 6 15
2013 6 15
2014 6 15
2015 6 15
2016 6 15
2017 6 15
2018 6 15
2019 6 15
2020 6 15
2021 6 15
2022 6 15
2023 6 15
2024 6 15
2025 6 15
2026 6 15
2027 6 15
2028 6 15
2029 6 15
2030 6 15
2031 6 15
2032 6 15
2033 6 15
2034 6 15
2035 6 15
2036 6 15
2037 6 15
2038 6 15
2039 6 15
2040 6 15
2041 6 15
2042 6 15
2043 6 15
2044 6 15
2045 6 15
2046 6 15
2047 6 15
2048 6 15
2049 6 15
2050 6 15
2051 6 15
2052 6 15
2053 6 15
2054 6 15
2055 6 15
2056 6 15
2057 6 15
2058 6 15
2059 6 15
2060 6 15
2061 6 15
2062 6 15
2063 6 15
2064 6 15
2065 6 15
2066 6 15
2067 6 15
2068 6 15
2069 6 15
2070 6 15
2071 6 15
2072 6 15
2073 6 15
2074 6 15
2075 6 15
2076 6 15
2077 6 15
2078 6 15
2079 6 15
2080 6 15
2081 6 15
2082 6 15
2083 6 15
2084 6 15
2085 6 15
2086 6 15
2087 6 15
2088 6 15
2089 6 15
2090 6 15
2091 6 15
2092 6 15
2093 6 15
2094 6 15
2095 6 15
2096 6 15
2097 6 15
2098 6 15
2099 6 15
2100 6 15
2101 6 15
2102 6 15
2103 6 15
2104 6 15
2105 6 15
2106 6 15
2107 6 15
2108 6 15
2109 6 15
2110 6 15
2111 6 15
2112 6 15
2113 6 15
2114 6 15
2115 6 15
2116 6 15
2117 6 15
2118 7 15
2119 7 15
2120 7 15
2121 7 15
2122 7 15
2123 7 15
2124 7 15
2125 7 15
2126 7 15
2127 7 15
2128 7 15
2129 7 15
2130 7 15
2131 7 15
2132 7 15
2133 7 15
2134 7 15
2135 7 15
2136 7 15
2137 7 15
2138 7 15
2139 7 15
2140 7 15
2141 7 15
2142 7 15
2143 7 15
2144 7 15
2145 7 15
2146 7 15
2147 7 15
2148 7 15
2149 7 15
2150 7 15
2151 7 14
2152 7 14
2153 7 14
2154 7 14
2155 7 14
2156 7 14
2157 7 14
2158 7 14
2159 7 14
2160 7 14
2161 7 14
2162 7 14
2163 7 14
2164 7 14
2165 7 14
2166 7 14
2167 7 14
2168 7 14
2169 7 14
2170 7 14
2171 7 14
2172 7 14
2173 7 14
2174 7 15
2175 7 15
2176 7 14
2177 7 14
2178 7 14
2179 7 14
2180 7 14
2181 7 14
2182 7 14
2183 7 14
2184 7 14
2185 7 14
2186 7 14
2187 7 14
2188 7 14
2189 7 14
2190 7 14
2191 7 14
2192 7 14
2193 7 14
2194 7 14
2195 7 14
2196 7 14
2197 7 14
2198 7 14
2199 7 14
2200 7 14
2201 7 14
2202 7 14
2203 7 14
2204 7 14
2205 7 14
2206 7 14
2207 7 14
2208 8 14
2209 8 14
2210 8 14
2211 8 14
2212 8 14
2213 8 14
2214 8 14
2215 8 14
2216 8 14
2217 8 14
2218 8 14
2219 8 14
2220 8 14
2221 8 14
2222 8 14
2223 8 14
2224 8 14
2225 8 14
2226 8 14
2227 8 14
2228 8 14
2229 8 14
2230 8 14
2231 8 14
2232 8 14
2233 8 14
2234 8 14
2235 8 14
2236 8 14
2237 8 14
2238 8 14
2239 8 14
2240 8 14
2241 8 14
2242 8 14
2243 8 14
2244 8 14
2245 8 14
2246 8 14
2247 8 14
2248 8 14
2249 8 14
2250 8 14
2251 8 14
2252 8 14
2253 8 14
2254 8 14
2255 8 14
2256 8 14
2257 8 14
2258 8 14
2259 8 14
2260 8 14
2261 8 14
2262 8 14
2263 8 14
2264 8 14
2265 8 14
2266 8 14
2267 8 14
2268 8 14
2269 8 13
2270 8 13
2271 8 13
2272 8 13
2273 8 13
2274 8 13
2275 9 13
2276 9 13
2277 9 13
2278 9 13
2279 9 13
2280 9 13
2281 9 13
2282 9 13
2283 9 13
2284 9 13
2285 9 13
2286 9 13
2287 9 13
2288 9 13
2289 9 13
2290 9 13
2291 9 13
2292 9 13
2293 9 13
2294 9 13
2295 9 13
2296 9 13
2297 9 13
2298 9 13
2299 9 13
2300 9 13
2301 9 13
2302 9 13
2303 9 13
2304 9 13
2305 9 13
2306 9 13
2307 9 13
2308 9 13
2309 9 13
2310 9 13
2311 9 13
2312 9 13
2313 9 13
2314 9 13
2315 9 13
2316 9 13
2317 9 13
2318 9 13
2319 9 13
2320 9 13
2321 9 13
2322 9 13
2323 9 13
2324 9 13
2325 9 13
2326 9 13
2327 9 13
2328 9 13
2329 9 13
2330 9 13
2331 9 13
2332 9 13
2333 9 13
2334 9 13
2335 9 13
2336 9 13
2337 9 13
2338 9 13
2339 9 13
2340 10 13
2341 10 13
2342 10 13
2343 10 13
2344 10 13
2345 10 13
2346 10 13
2347 10 13
2348 10 13
2349 10 13
2350 10 13
2351 10 13
2352 10 13
2353 10 13
2354 10 13
2355 10 13
2356 10 13
2357 10 13
2358 10 13
2359 10 13
2360 10 13
2361 10 13
2362 10 13
2363 10 13
2364 10 13
2365 10 13
2366 10 13
2367 10 13
2368 10 13
2369 10 13
2370 10 13
2371 10 13
2372 10 13
2373 10 13
2374 10 13
2375 10 13
2376 10 13
2377 10 13
2378 10 13
2379 10 13
2380 10 13
2381 10 13
2382 10 13
2383 10 13
2384 10 13
2385 10 13
2386 10 13
2387 10 13
2388 10 13
2389 10 13
2390 10 13
2391 10 13
2392 10 13
2393 10 13
2394 10 13
2395 10 13
2396 10 13
2397 10 13
2398 10 13
2399 10 13
2400 10 13
2401 10 13
2402 10 13
2403 10 13
2404 10 13
2405 10 13
2406 10 13
2407 10 13
2408 10 13
2409 10 13
2410 11 13
2411 11 13
2412 11 13
2413 11 13
2414 11 13
2415 11 13
2416 11 13
2417 11 13
2418 11 13
2419 11 13
2420 11 13
2421 11 13
2422 11 13
2423 11 13
2424 11 13
2425 11 13
2426 11 13
2427 11 13
2428 11 13
2429 11 13
2430 11 13
2431 11 13
2432 11 13
2433 11 13
2434 11 13
2435 11 13
2436 11 12
2437 11 12
2438 11 12
2439 11 12
2440 11 12
2441 11 12
2442 11 12
2443 11 12
2444 11 12
2445 11 12
2446 11 12
2447 11 12
2448 11 12
2449 11 12
2450 11 12
2451 11 12
2452 11 12
2453 11 12
2454 11 12
2455 11 12
2456 11 12
2457 11 12
2458 11 12
2459 11 12
2460 11 12
2461 11 12
2462 11 12
2463 11 12
2464 11 12
2465 11 12
2466 11 12
2467 12 12
2468 12 12
2469 12 12
2470 12 12
2471 12 12
2472 12 12
2473 12 12
2474 12 12
2475 12 12
2476 12 12
2477 12 12
2478 12 12
2479 12 12
2480 12 12
2481 12 12
2482 12 12
2483 12 12
2484 12 12
2485 12 12
2486 12 12
2487 12 12
2488 12 12
2489 12 12
2490 12 12
2491 12 12
2492 12 12
2493 12 12
2494 12 12
2495 12 12
2496 12 12
2497 12 12
2498 12 12
2499 13 12
2500 13 12
2501 13 12
2502 13 12
2503 13 12
2504 13 12
2505 13 12
2506 13 12
2507 13 12
2508 13 12
2509 13 12
2510 13 12
2511 13 12
2512 13 12
2513 13 12
2514 13 12
2515 13 12
2516 13 12
2517 13 12
2518 13 12
2519 13 12
2520 13 12
2521 13 12
2522 13 12
2523 13 12
2524 13 12
2525 13 12
2526 13 12
2527 13 12
2528 13 12
2529 13 12
2530 13 12
2531 13 12
2532 14 12
2533 14 12
2534 14 12
2535 14 12
2536 14 12
2537 14 12
2538 14 12
2539 14 12
2540 14 12
2541 14 12
2542 14 12
2543 14 12
2544 14 12
2545 14 12
2546 14 12
2547 14 12
2548 14 12
2549 14 12
2550 14 12
2551 14 11
2552 14 11
2553 14 11
2554 14 11
2555 14 11
2556 14 11
2557 14 11
2558 14 11
2559 14 11
2560 14 11
2561 14 11
2562 14 11
2563 14 11
2564 14 11
2565 14 11
2566 14 11
2567 14 11
2568 14 11
2569 14 11
2570 14 11
2571 15 11
2572 15 11
2573 15 11
2574 15 11
2575 15 11
2576 15 11
2577 15 11
2578 15 11
2579 15 11
2580 15 11
2581 15 11
2582 15 11
2583 15 11
2584 15 11
2585 15 11
2586 15 11
2587 15 11
2588 15 11
2589 15 11
2590 15 11
2591 15 11
2592 15 11
2593 15 11
2594 15 11
2595 15 11
2596 16 11
2597 16 11
2598 16 11
2599 16 11
2600 16 11
2601 16 11
2602 16 11
2603 16 11
2604 16 11
2605 16 11
2606 16 11
2607 16 11
2608 16 11
2609 16 11
2610 16 11
2611 16 11
2612 16 11
2613 16 11
2614 16 11
2615 16 11
2616 16 11
2617 16 11
2618 16 11
2619 16 11
2620 16 11
2621 17 11
2622 17 11
2623 17 11
2624 17 11
2625 17 11
2626 17 11
2627 17 11
2628 17 11
2629 17 11
2630 17 11
2631 17 11
2632 17 11
2633 18 11
2634 18 11
2635 18 11
2636 18 11
2637 18 11
2638 18 11
2639 18 11
2640 18 11
2641 18 11
2642 18 11
2643 18 11
2644 18 11
2645 18 11
2646 18 11
2647 18 11
2648 19 11
2649 19 11
2650 19 11
2651 19 11
2652 19 11
2653 19 11
2654 19 11
2655 19 11
2656 19 11
2657 19 11
2658 19 11
2659 19 11
2660 19 11
2661 19 11
2662 19 11
2663 19 11
2664 19 11
2665 20 11
2666 20 11
2667 20 11
2668 20 11
2669 20 11
2670 20 11
2671 20 11
2672 20 11
2673 21 11
2674 21 11
2675 21 11
2676 21 11
2677 21 11
2678 21 11
2679 21 11
2680 22 11
2681 22 11
2682 22 11
2683 22 11
2684 22 10
2685 23 10
2686 23 10
2687 23 10
2688 23 10
2689 23 10
2690 23 10
2691 23 10
2692 23 10
2693 24 10
2694 24 10
2695 24 10
2696 24 10
2697 24 10
2698 24 10
2699 24 10
2700 24 10
2701 24 10
2702 24 10
2703 24 10
2704 24 10
2705 24 10
2706 25 10
2707 25 10
2708 25 10
2709 25 10
2710 25 10
2711 26 10
2712 26 10
2713 27 10
2714 27 10
2715 27 10
2716 27 10
2717 28 10
2718 28 10
2719 28 10
2720 28 10
2721 28 10
2722 29 10
2723 29 10
2724 29 10
2725 29 10
2726 29 10
2727 29 10
2728 29 10
2729 29 10
2730 30 10
2731 30 10
2732 31 10
2733 31 10
2734 32 10
2735 32 10
2736 33 10
2737 33 10
2738 33 10
2739 33 10
2740 34 10
2741 34 10
2742 34 10
2743 34 10
2744 34 10
2745 35 10
2746 35 10
2747 35 10
2748 35 10
2749 35 10
2750 35 10
2751 35 10
2752 35 10
2753 36 10
2754 36 10
2755 36 10
2756 37 10
2757 37 10
2758 38 10
2759 38 10
2760 38 10
2761 38 10
2762 39 10
2763 39 10
2764 40 10
2765 41 10
2766 42 10
2767 44 10
2768 44 10
2769 45 10
2770 47 10
2771 48 10
2772 48 10
2773 48 10
2774 50 10
2775 55 10
2776 56 10
2777 57 10
2778 61 10
2779 63 10
2780 65 10
2781 72 10
2782 84 10
2783 100 10
