0 0 0
1 0 0
2 0 0
3 0 0
4 0 0
5 0 0
6 0 0
7 0 0
8 0 0
9 0 0
10 0 0
11 0 0
12 0 0
13 0 0
14 0 0
15 0 0
16 0 0
17 0 0
18 0 0
19 0 0
20 0 0
21 0 0
22 0 0
23 0 0
24 0 0
25 0 0
26 0 0
27 0 0
28 0 0
29 0 0
30 0 0
31 0 0
32 0 0
33 0 0
34 0 0
35 0 0
36 0 0
37 0 0
38 0 0
39 0 100
40 0 100
41 0 100
42 0 100
43 0 100
44 0 100
45 0 100
46 0 100
47 0 100
48 0 100
49 0 100
50 0 100
51 0 100
52 0 100
53 0 100
54 0 100
55 0 100
56 0 100
57 0 100
58 0 100
59 0 100
60 0 100
61 0 100
62 0 100
63 0 100
64 0 100
65 0 100
66 0 100
67 0 100
68 0 100
69 0 100
70 0 100
71 0 100
72 0 100
73 0 100
74 0 100
75 0 100
76 0 100
77 0 100
78 0 100
79 0 100
80 0 100
81 0 100
82 0 100
83 0 100
84 0 100
85 0 100
86 0 100
87 0 100
88 0 100
89 0 100
90 0 100
91 0 100
92 0 100
93 0 100
94 0 100
95 0 100
96 0 100
97 0 100
98 0 100
99 0 100
100 0 50
101 0 50
102 0 50
103 0 50
104 0 50
105 0 50
106 0 50
107 0 50
108 0 33
109 0 33
110 0 33
111 0 33
112 0 33
113 0 33
114 0 33
115 0 25
116 0 25
117 0 25
118 0 25
119 0 25
120 0 40
121 0 40
122 0 40
123 0 40
124 0 40
125 0 40
126 0 40
127 0 40
128 0 40
129 0 40
130 0 40
131 0 40
132 0 40
133 0 40
134 0 40
135 0 40
136 0 40
137 0 40
138 0 40
139 0 40
140 0 33
141 0 28
142 0 28
143 0 28
144 0 25
145 0 25
146 0 25
147 0 25
148 0 25
149 0 25
150 0 25
151 0 25
152 0 25
153 0 25
154 0 25
155 0 25
156 0 25
157 0 25
158 0 25
159 0 25
160 0 25
161 0 25
162 0 25
163 0 22
164 0 22
165 0 22
166 0 22
167 0 22
168 0 22
169 0 22
170 0 22
171 0 22
172 0 22
173 0 22
174 0 22
175 0 22
176 0 22
177 0 22
178 0 22
179 0 22
180 0 22
181 0 20
182 0 20
183 0 20
184 0 20
185 0 20
186 0 18
187 0 18
188 0 18
189 0 18
190 0 18
191 0 18
192 0 18
193 0 18
194 0 18
195 0 18
196 0 18
197 0 18
198 0 18
199 0 18
200 0 18
201 0 18
202 0 18
203 0 18
204 0 18
205 0 18
206 0 16
207 0 16
208 0 16
209 0 16
210 0 16
211 0 16
212 0 16
213 0 16
214 0 16
215 0 16
216 0 16
217 0 16
218 0 16
219 0 16
220 0 16
221 0 16
222 0 16
223 0 15
224 0 15
225 0 15
226 0 15
227 0 15
228 0 14
229 0 14
230 0 14
231 0 14
232 0 14
233 0 14
234 0 14
235 0 13
236 0 13
237 0 13
238 0 13
239 0 13
240 0 13
241 0 13
242 0 13
243 0 13
244 0 13
245 0 13
246 0 13
247 0 12
248 0 12
249 0 12
250 0 11
251 0 11
252 0 11
253 0 11
254 0 11
255 0 11
256 0 11
257 0 11
258 0 11
259 0 11
260 0 11
261 0 11
262 0 11
263 0 11
264 0 11
265 0 15
266 0 15
267 0 15
268 0 15
269 0 15
270 0 15
271 0 15
272 0 15
273 0 15
274 0 15
275 0 15
276 0 15
277 0 15
278 0 14
279 0 14
280 0 18
281 0 18
282 0 18
283 0 18
284 0 17
285 0 17
286 0 17
287 0 17
288 0 17
289 0 17
290 0 17
291 0 17
292 0 17
293 0 17
294 0 17
295 0 16
296 0 16
297 0 16
298 0 16
299 0 16
300 0 16
301 0 15
302 0 14
303 0 14
304 0 14
305 0 14
306 0 14
307 0 17
308 0 17
309 0 17
310 0 17
311 0 17
312 0 17
313 0 20
314 0 20
315 0 20
316 0 20
317 0 20
318 0 20
319 0 20
320 0 20
321 0 20
322 0 20
323 0 20
324 0 20
325 0 20
326 0 20
327 0 20
328 0 22
329 0 22
330 0 22
331 0 22
332 0 22
333 0 22
334 0 22
335 0 22
336 0 25
337 0 25
338 0 25
339 0 25
340 0 25
341 0 25
342 0 25
343 0 25
344 0 25
345 0 25
346 0 25
347 0 24
348 0 24
349 0 23
350 0 23
351 0 22
352 0 22
353 0 21
354 0 21
355 0 21
356 0 21
357 0 21
358 0 21
359 0 21
360 0 21
361 0 21
362 0 21
363 0 21
364 0 21
365 0 23
366 0 22
367 0 21
368 0 23
369 0 23
370 0 23
371 0 23
372 0 23
373 0 23
374 0 23
375 0 23
376 0 23
377 0 23
378 0 23
379 0 23
380 0 23
381 0 23
382 0 23
383 0 25
384 0 25
385 0 25
386 0 25
387 0 25
388 0 25
389 0 25
390 0 25
391 0 25
392 0 25
393 0 25
394 0 25
395 0 25
396 0 25
397 0 25
398 0 25
399 0 25
400 0 26
401 0 26
402 0 26
403 0 26
404 0 28
405 0 28
406 0 28
407 0 28
408 0 28
409 0 28
410 0 28
411 0 28
412 0 28
413 0 28
414 0 28
415 0 28
416 0 29
417 0 29
418 0 31
419 0 31
420 0 32
421 0 32
422 0 34
423 0 34
424 0 34
425 0 34
426 0 34
427 0 34
428 0 34
429 0 34
430 0 35
431 0 35
432 0 35
433 0 34
434 0 34
435 0 34
436 0 35
437 0 35
438 0 35
439 0 37
440 0 37
441 0 37
442 0 38
443 0 38
444 0 38
445 0 38
446 0 38
447 0 39
448 0 39
449 0 39
450 0 40
451 0 40
452 0 40
453 0 40
454 0 40
455 0 40
456 0 40
457 0 40
458 0 40
459 0 40
460 0 40
461 0 40
462 0 40
463 0 41
464 0 41
465 0 41
466 0 41
467 0 41
468 0 41
469 0 41
470 0 41
471 0 41
472 0 41
473 0 41
474 0 41
475 0 41
476 0 41
477 0 42
478 0 42
479 0 43
480 0 43
481 0 43
482 0 43
483 0 43
484 0 43
485 0 43
486 0 43
487 0 43
488 0 43
489 0 43
490 0 43
491 0 43
492 0 43
493 0 43
494 0 43
495 0 43
496 0 43
497 0 44
498 0 44
499 0 45
500 0 46
501 0 46
502 0 46
503 0 46
504 0 46
505 0 46
506 0 46
507 0 46
508 0 46
509 0 46
510 0 46
511 0 46
512 0 46
513 0 46
514 0 46
515 0 47
516 0 47
517 0 48
518 0 48
519 0 48
520 0 48
521 0 49
522 0 49
523 0 49
524 0 49
525 0 49
526 0 49
527 0 49
528 0 49
529 0 49
530 0 49
531 0 49
532 0 49
533 0 49
534 0 49
535 0 48
536 0 48
537 0 48
538 0 48
539 0 48
540 0 48
541 0 48
542 0 48
543 0 47
544 0 47
545 0 47
546 0 47
547 0 47
548 0 47
549 0 47
550 0 47
551 0 47
552 0 47
553 0 47
554 0 47
555 0 47
556 0 47
557 0 46
558 0 46
559 0 47
560 0 47
561 0 46
562 0 46
563 0 46
564 0 46
565 0 46
566 0 46
567 0 46
568 0 46
569 0 46
570 0 46
571 0 45
572 0 45
573 0 45
574 0 46
575 0 46
576 0 46
577 0 46
578 0 46
579 0 46
580 0 46
581 0 46
582 0 46
583 0 46
584 0 46
585 0 46
586 0 47
587 0 47
588 0 47
589 0 47
590 0 46
591 0 47
592 0 47
593 0 47
594 0 47
595 0 47
596 0 47
597 0 47
598 0 47
599 0 47
600 0 47
601 0 47
602 0 47
603 0 47
604 0 47
605 0 47
606 0 47
607 0 47
608 0 47
609 0 47
610 0 47
611 0 47
612 0 47
613 0 47
614 0 47
615 0 47
616 0 47
617 0 47
618 0 47
619 0 47
620 0 47
621 0 47
622 0 47
623 0 47
624 0 47
625 0 47
626 0 47
627 0 47
628 0 46
629 0 46
630 0 46
631 0 46
632 0 46
633 0 46
634 0 46
635 0 47
636 0 47
637 0 47
638 0 48
639 0 48
640 0 47
641 0 47
642 0 47
643 0 47
644 0 47
645 0 47
646 0 47
647 0 47
648 0 47
649 0 47
650 0 47
651 0 47
652 0 47
653 0 47
654 0 47
655 0 47
656 0 47
657 0 47
658 0 47
659 0 47
660 0 47
661 0 47
662 0 47
663 0 46
664 0 46
665 0 46
666 0 46
667 0 46
668 0 46
669 0 46
670 0 46
671 0 46
672 0 46
673 0 46
674 0 46
675 0 46
676 0 45
677 0 45
678 0 45
679 0 45
680 0 45
681 0 45
682 0 45
683 0 45
684 0 45
685 0 45
686 0 45
687 1 45
688 1 44
689 1 44
690 1 44
691 1 44
692 1 44
693 1 44
694 1 44
695 1 44
696 1 44
697 1 44
698 1 45
699 1 45
700 1 45
701 1 45
702 1 45
703 1 46
704 1 46
705 1 46
706 1 45
707 1 45
708 1 45
709 1 45
710 1 45
711 1 45
712 1 45
713 1 45
714 1 45
715 1 45
716 1 45
717 1 46
718 1 45
719 1 45
720 1 45
721 1 45
722 1 45
723 1 45
724 1 45
725 1 45
726 1 45
727 1 45
728 1 45
729 1 45
730 1 44
731 1 45
732 1 45
733 1 45
734 1 45
735 1 45
736 1 45
737 1 45
738 1 45
739 1 45
740 1 45
741 1 45
742 1 45
743 1 45
744 1 45
745 1 45
746 1 45
747 1 45
748 1 45
749 1 45
750 1 45
751 1 44
752 1 44
753 1 44
754 1 44
755 1 44
756 1 44
757 1 44
758 1 45
759 1 45
760 1 45
761 1 45
762 1 45
763 1 45
764 1 45
765 1 44
766 1 44
767 1 44
768 1 44
769 1 44
770 1 44
771 1 44
772 1 44
773 1 44
774 1 44
775 1 44
776 1 44
777 1 44
778 1 44
779 1 44
780 1 44
781 1 44
782 1 44
783 1 44
784 1 43
785 1 43
786 1 44
787 1 44
788 1 44
789 1 43
790 1 43
791 1 43
792 1 43
793 1 43
794 1 43
795 1 43
796 1 43
797 1 43
798 1 43
799 1 43
800 1 43
801 1 43
802 1 43
803 1 42
804 1 42
805 1 42
806 1 42
807 1 42
808 1 42
809 1 42
810 1 42
811 1 42
812 1 42
813 1 42
814 1 42
815 1 42
816 1 42
817 1 42
818 1 43
819 1 43
820 1 43
821 1 43
822 1 43
823 1 42
824 1 42
825 1 42
826 1 42
827 1 42
828 1 42
829 1 42
830 1 42
831 1 42
832 1 42
833 1 42
834 1 42
835 1 42
836 1 42
837 1 42
838 1 42
839 1 43
840 1 42
841 1 42
842 1 42
843 1 42
844 1 43
845 1 43
846 1 43
847 1 43
848 1 43
849 1 43
850 1 43
851 1 43
852 1 43
853 1 43
854 1 43
855 1 43
856 1 43
857 1 43
858 1 43
859 1 43
860 1 43
861 1 43
862 1 43
863 1 42
864 1 42
865 1 42
866 1 42
867 1 42
868 1 42
869 1 42
870 1 42
871 1 42
872 1 42
873 1 42
874 1 42
875 1 42
876 1 43
877 1 43
878 1 43
879 1 43
880 1 43
881 1 43
882 1 43
883 1 43
884 1 43
885 1 43
886 1 43
887 1 43
888 1 44
889 1 44
890 1 44
891 1 44
892 1 44
893 1 44
894 1 44
895 1 44
896 1 44
897 1 44
898 1 44
899 1 44
900 1 44
901 1 44
902 1 44
903 1 44
904 1 44
905 1 44
906 1 44
907 1 44
908 1 44
909 1 44
910 1 44
911 1 44
912 1 43
913 1 43
914 1 43
915 1 43
916 1 43
917 1 43
918 1 43
919 1 43
920 1 43
921 1 43
922 1 43
923 1 43
924 1 43
925 1 43
926 1 43
927 1 43
928 1 43
929 1 43
930 1 43
931 1 43
932 1 42
933 1 42
934 1 42
935 1 42
936 1 42
937 1 42
938 1 42
939 1 42
940 1 42
941 1 43
942 1 42
943 1 42
944 1 42
945 1 42
946 1 42
947 1 42
948 1 42
949 1 42
950 1 42
951 1 42
952 1 42
953 1 43
954 1 43
955 1 43
956 1 43
957 1 43
958 1 43
959 1 43
960 1 43
961 1 43
962 1 43
963 1 43
964 1 43
965 1 43
966 1 43
967 1 43
968 1 43
969 1 43
970 1 43
971 1 43
972 1 43
973 1 43
974 1 43
975 1 43
976 1 43
977 1 43
978 1 43
979 1 43
980 1 43
981 1 43
982 1 43
983 1 43
984 1 43
985 1 43
986 1 43
987 1 43
988 1 43
989 1 43
990 1 43
991 1 43
992 1 42
993 1 42
994 1 42
995 1 42
996 1 42
997 1 42
998 1 42
999 1 42
1000 1 42
1001 1 42
1002 1 42
1003 1 42
1004 1 42
1005 1 41
1006 1 41
1007 1 41
1008 1 41
1009 1 41
1010 1 41
1011 1 41
1012 1 41
1013 1 41
1014 1 41
1015 1 41
1016 1 41
1017 1 41
1018 1 41
1019 1 41
1020 1 41
1021 1 41
1022 1 41
1023 1 41
1024 1 41
1025 1 41
1026 1 40
1027 1 40
1028 1 40
1029 1 40
1030 1 41
1031 1 41
1032 1 41
1033 1 41
1034 1 41
1035 1 41
1036 1 41
1037 1 41
1038 1 41
1039 1 41
1040 1 41
1041 1 41
1042 1 41
1043 1 41
1044 1 41
1045 1 41
1046 1 41
1047 1 41
1048 1 41
1049 1 41
1050 1 41
1051 1 41
1052 1 41
1053 1 41
1054 1 41
1055 1 41
1056 1 41
1057 1 41
1058 1 41
1059 1 41
1060 1 41
1061 1 41
1062 1 41
1063 1 41
1064 1 41
1065 1 41
1066 1 41
1067 1 41
1068 1 40
1069 1 40
1070 1 40
1071 1 40
1072 1 40
1073 1 40
1074 1 40
1075 1 40
1076 1 40
1077 1 40
1078 1 40
1079 1 40
1080 1 40
1081 1 40
1082 1 40
1083 1 40
1084 1 40
1085 1 40
1086 1 40
1087 1 40
1088 1 40
1089 1 40
1090 1 40
1091 1 40
1092 1 40
1093 1 40
1094 1 40
1095 1 40
1096 1 40
1097 1 40
1098 1 40
1099 1 40
1100 1 40
1101 1 40
1102 1 40
1103 1 41
1104 1 41
1105 1 42
1106 1 42
1107 1 42
1108 1 42
1109 1 42
1110 1 42
1111 1 42
1112 1 42
1113 1 42
1114 1 42
1115 1 42
1116 1 42
1117 1 42
1118 1 42
1119 1 42
1120 1 42
1121 1 42
1122 1 42
1123 1 42
1124 1 42
1125 1 42
1126 1 42
1127 1 42
1128 1 43
1129 1 43
1130 1 43
1131 1 43
1132 1 43
1133 1 42
1134 1 42
1135 1 42
1136 1 42
1137 1 43
1138 1 43
1139 2 43
1140 2 43
1141 2 43
1142 2 43
1143 2 43
1144 2 43
1145 2 43
1146 2 43
1147 2 43
1148 2 43
1149 2 43
1150 2 43
1151 2 43
1152 2 43
1153 2 43
1154 2 43
1155 2 43
1156 2 43
1157 2 43
1158 2 43
1159 2 43
1160 2 43
1161 2 43
1162 2 43
1163 2 43
1164 2 43
1165 2 43
1166 2 43
1167 2 43
1168 2 43
1169 2 43
1170 2 43
1171 2 43
1172 2 43
1173 2 43
1174 2 43
1175 2 43
1176 2 43
1177 2 43
1178 2 43
1179 2 43
1180 2 43
1181 2 43
1182 2 43
1183 2 43
1184 2 43
1185 2 43
1186 2 43
1187 2 43
1188 2 43
1189 2 43
1190 2 43
1191 2 43
1192 2 43
1193 2 43
1194 2 43
1195 2 43
1196 2 43
1197 2 43
1198 2 43
1199 2 43
1200 2 43
1201 2 43
1202 2 43
1203 2 43
1204 2 43
1205 2 43
1206 2 43
1207 2 43
1208 2 43
1209 2 43
1210 2 43
1211 2 43
1212 2 43
1213 2 43
1214 2 43
1215 2 43
1216 2 44
1217 2 44
1218 2 44
1219 2 44
1220 2 44
1221 2 44
1222 2 43
1223 2 43
1224 2 43
1225 2 43
1226 2 43
1227 2 43
1228 2 43
1229 2 43
1230 2 43
1231 2 43
1232 2 43
1233 2 43
1234 2 43
1235 2 43
1236 2 44
1237 2 44
1238 2 44
1239 2 44
1240 2 44
1241 2 44
1242 2 44
1243 2 44
1244 2 44
1245 2 44
1246 2 44
1247 2 44
1248 2 43
1249 2 43
1250 2 43
1251 2 43
1252 2 43
1253 2 43
1254 2 44
1255 2 44
1256 2 44
1257 2 44
1258 2 43
1259 2 43
1260 2 43
1261 2 43
1262 2 43
1263 2 43
1264 2 43
1265 2 43
1266 2 43
1267 2 43
1268 2 43
1269 2 43
1270 2 43
1271 2 43
1272 2 43
1273 2 43
1274 2 42
1275 2 43
1276 2 43
1277 2 43
1278 2 43
1279 2 43
1280 2 43
1281 2 43
1282 2 43
1283 2 43
1284 2 43
1285 2 43
1286 2 43
1287 2 43
1288 2 43
1289 2 43
1290 2 43
1291 2 42
1292 2 43
1293 2 43
1294 2 43
1295 2 43
1296 2 43
1297 2 42
1298 2 42
1299 2 42
1300 2 42
1301 2 42
1302 2 42
1303 2 42
1304 2 42
1305 2 42
1306 2 42
1307 2 42
1308 2 42
1309 2 42
1310 2 42
1311 2 42
1312 2 42
1313 2 42
1314 2 42
1315 2 42
1316 2 42
1317 2 42
1318 2 42
1319 2 42
1320 2 42
1321 2 42
1322 2 42
1323 2 42
1324 2 42
1325 2 42
1326 2 42
1327 2 42
1328 2 42
1329 2 42
1330 2 42
1331 2 42
1332 2 42
1333 2 42
1334 2 42
1335 2 41
1336 2 41
1337 2 41
1338 2 41
1339 2 41
1340 2 41
1341 2 41
1342 2 41
1343 2 41
1344 2 41
1345 2 41
1346 2 41
1347 2 41
1348 2 41
1349 2 41
1350 2 41
1351 2 41
1352 2 41
1353 2 41
1354 2 41
1355 2 41
1356 2 41
1357 2 41
1358 2 41
1359 2 41
1360 2 40
1361 2 40
1362 2 40
1363 2 40
1364 2 40
1365 2 40
1366 2 40
1367 2 40
1368 2 40
1369 2 40
1370 2 40
1371 2 40
1372 2 40
1373 2 40
1374 2 40
1375 2 40
1376 2 40
1377 2 40
1378 2 40
1379 2 40
1380 2 40
1381 2 40
1382 2 40
1383 2 40
1384 2 40
1385 2 40
1386 2 39
1387 2 39
1388 2 39
1389 2 39
1390 2 39
1391 2 39
1392 2 39
1393 2 39
1394 2 39
1395 2 39
1396 2 39
1397 2 39
1398 2 40
1399 2 40
1400 2 40
1401 2 40
1402 2 40
1403 2 40
1404 2 40
1405 2 40
1406 2 40
1407 2 40
1408 2 40
1409 2 40
1410 2 40
1411 2 40
1412 2 40
1413 2 40
1414 2 40
1415 2 40
1416 2 40
1417 2 40
1418 2 40
1419 2 40
1420 2 40
1421 2 40
1422 2 40
1423 2 40
1424 2 40
1425 2 40
1426 2 40
1427 2 40
1428 2 40
1429 2 40
1430 2 40
1431 2 40
1432 2 40
1433 2 40
1434 2 40
1435 2 40
1436 2 40
1437 2 40
1438 2 40
1439 2 40
1440 2 40
1441 2 40
1442 2 40
1443 2 40
1444 2 40
1445 2 40
1446 2 40
1447 2 40
1448 2 40
1449 2 40
1450 2 40
1451 2 40
1452 2 40
1453 2 40
1454 2 40
1455 2 40
1456 2 40
1457 2 40
1458 2 40
1459 2 40
1460 2 40
1461 2 40
1462 2 40
1463 2 40
1464 2 40
1465 3 40
1466 3 40
1467 3 40
1468 3 40
1469 3 40
1470 3 40
1471 3 40
1472 3 40
1473 3 40
1474 3 40
1475 3 39
1476 3 39
1477 3 39
1478 3 39
1479 3 39
1480 3 39
1481 3 39
1482 3 39
1483 3 39
1484 3 39
1485 3 39
1486 3 39
1487 3 39
1488 3 39
1489 3 39
1490 3 39
1491 3 40
1492 3 40
1493 3 40
1494 3 40
1495 3 40
1496 3 40
1497 3 40
1498 3 40
1499 3 40
1500 3 40
1501 3 40
1502 3 40
1503 3 40
1504 3 40
1505 3 40
1506 3 40
1507 3 40
1508 3 40
1509 3 40
1510 3 40
1511 3 39
1512 3 39
1513 3 39
1514 3 39
1515 3 39
1516 3 39
1517 3 39
1518 3 39
1519 3 39
1520 3 39
1521 3 39
1522 3 39
1523 3 39
1524 3 39
1525 3 39
1526 3 39
1527 3 39
1528 3 39
1529 3 39
1530 3 39
1531 3 39
1532 3 39
1533 3 39
1534 3 39
1535 3 39
1536 3 39
1537 3 39
1538 3 39
1539 3 39
1540 3 39
1541 3 39
1542 3 39
1543 3 39
1544 3 39
1545 3 39
1546 3 39
1547 3 39
1548 3 39
1549 3 39
1550 3 39
1551 3 39
1552 3 39
1553 3 39
1554 3 39
1555 3 39
1556 3 39
1557 3 39
1558 3 39
1559 3 39
1560 3 39
1561 3 39
1562 3 39
1563 3 39
1564 3 39
1565 3 39
1566 3 39
1567 3 39
1568 3 39
1569 3 39
1570 3 39
1571 3 39
1572 3 39
1573 3 39
1574 3 39
1575 3 38
1576 3 38
1577 3 38
1578 3 38
1579 3 38
1580 3 38
1581 3 38
1582 3 38
1583 3 38
1584 3 38
1585 3 38
1586 3 38
1587 3 38
1588 3 38
1589 3 38
1590 3 38
1591 3 38
1592 3 38
1593 3 38
1594 3 38
1595 3 38
1596 3 38
1597 3 38
1598 3 38
1599 3 38
1600 3 38
1601 3 38
1602 3 38
1603 3 38
1604 3 38
1605 3 38
1606 3 38
1607 3 38
1608 3 38
1609 3 38
1610 3 38
1611 3 38
1612 3 38
1613 3 38
1614 3 38
1615 3 38
1616 3 38
1617 3 38
1618 3 38
1619 3 38
1620 3 38
1621 3 38
1622 3 38
1623 3 38
1624 3 38
1625 3 38
1626 3 38
1627 3 38
1628 3 38
1629 3 38
1630 3 38
1631 3 38
1632 3 38
1633 3 38
1634 3 38
1635 3 38
1636 3 38
1637 3 38
1638 3 38
1639 3 38
1640 3 38
1641 3 38
1642 3 38
1643 3 38
1644 3 38
1645 3 38
1646 3 38
1647 3 38
1648 3 38
1649 3 38
1650 3 38
1651 3 38
1652 3 38
1653 3 38
1654 3 38
1655 3 38
1656 3 38
1657 3 38
1658 3 38
1659 3 38
1660 3 38
1661 3 38
1662 3 38
1663 3 38
1664 3 38
1665 3 38
1666 3 38
1667 3 38
1668 3 38
1669 3 38
1670 3 38
1671 3 38
1672 3 38
1673 3 38
1674 4 38
1675 4 39
1676 4 39
1677 4 39
1678 4 39
1679 4 39
1680 4 39
1681 4 39
1682 4 39
1683 4 38
1684 4 38
1685 4 38
1686 4 38
1687 4 38
1688 4 38
1689 4 38
1690 4 38
1691 4 38
1692 4 38
1693 4 38
1694 4 38
1695 4 38
1696 4 38
1697 4 38
1698 4 38
1699 4 38
1700 4 38
1701 4 38
1702 4 38
1703 4 38
1704 4 38
1705 4 38
1706 4 38
1707 4 38
1708 4 38
1709 4 38
1710 4 38
1711 4 38
1712 4 38
1713 4 39
1714 4 39
1715 4 38
1716 4 38
1717 4 38
1718 4 39
1719 4 39
1720 4 39
1721 4 39
1722 4 38
1723 4 38
1724 4 38
1725 4 38
1726 4 38
1727 4 38
1728 4 38
1729 4 39
1730 4 39
1731 4 39
1732 4 39
1733 4 39
1734 4 39
1735 4 39
1736 4 39
1737 4 39
1738 4 39
1739 4 39
1740 4 39
1741 4 39
1742 4 38
1743 4 38
1744 4 38
1745 4 38
1746 4 38
1747 4 38
1748 4 39
1749 4 38
1750 4 38
1751 4 38
1752 4 38
1753 4 38
1754 4 38
1755 4 38
1756 4 38
1757 4 39
1758 4 39
1759 4 39
1760 4 39
1761 4 39
1762 4 39
1763 4 39
1764 4 39
1765 4 39
1766 4 39
1767 4 39
1768 4 39
1769 4 39
1770 4 39
1771 4 39
1772 4 39
1773 4 39
1774 4 39
1775 4 39
1776 4 39
1777 4 39
1778 4 39
1779 4 39
1780 4 39
1781 4 39
1782 4 39
1783 4 39
1784 4 39
1785 4 39
1786 4 39
1787 4 39
1788 4 39
1789 4 38
1790 4 39
1791 4 39
1792 4 39
1793 4 39
1794 4 39
1795 4 39
1796 4 39
1797 4 39
1798 4 39
1799 4 39
1800 4 39
1801 4 39
1802 4 39
1803 4 39
1804 4 39
1805 4 39
1806 4 39
1807 4 39
1808 4 38
1809 4 38
1810 4 38
1811 4 38
1812 4 38
1813 4 38
1814 4 38
1815 4 38
1816 4 38
1817 4 38
1818 4 38
1819 4 38
1820 4 38
1821 4 38
1822 4 38
1823 4 38
1824 4 38
1825 4 38
1826 4 38
1827 4 38
1828 4 38
1829 4 38
1830 4 38
1831 4 38
1832 4 38
1833 4 38
1834 4 38
1835 4 38
1836 4 38
1837 4 38
1838 4 38
1839 4 38
1840 4 38
1841 4 38
1842 4 38
1843 4 38
1844 4 38
1845 4 38
1846 4 38
1847 4 38
1848 4 38
1849 4 38
1850 5 38
1851 5 38
1852 5 38
1853 5 38
1854 5 38
1855 5 38
1856 5 38
1857 5 38
1858 5 38
1859 5 38
1860 5 38
1861 5 38
1862 5 38
1863 5 38
1864 5 38
1865 5 38
1866 5 38
1867 5 38
1868 5 38
1869 5 38
1870 5 38
1871 5 38
1872 5 38
1873 5 38
1874 5 38
1875 5 38
1876 5 38
1877 5 38
1878 5 38
1879 5 38
1880 5 38
1881 5 38
1882 5 38
1883 5 38
1884 5 38
1885 5 38
1886 5 38
1887 5 38
1888 5 38
1889 5 38
1890 5 38
1891 5 38
1892 5 38
1893 5 37
1894 5 37
1895 5 37
1896 5 37
1897 5 37
1898 5 37
1899 5 37
1900 5 37
1901 5 37
1902 5 37
1903 5 37
1904 5 37
1905 5 37
1906 5 37
1907 5 37
1908 5 37
1909 5 37
1910 5 37
1911 5 37
1912 5 37
1913 5 37
1914 5 37
1915 5 37
1916 5 37
1917 5 37
1918 5 37
1919 5 37
1920 5 37
1921 5 37
1922 5 37
1923 5 37
1924 5 37
1925 5 37
1926 5 37
1927 5 37
1928 5 37
1929 5 37
1930 5 37
1931 5 37
1932 5 37
1933 5 37
1934 5 37
1935 5 37
1936 5 37
1937 5 37
1938 5 37
1939 5 37
1940 5 37
1941 5 37
1942 5 37
1943 5 37
1944 5 37
1945 5 37
1946 5 37
1947 5 37
1948 5 37
1949 5 37
1950 5 37
1951 5 37
1952 5 37
1953 5 37
1954 5 36
1955 5 36
1956 5 36
1957 5 36
1958 5 36
1959 5 36
1960 5 36
1961 5 36
1962 5 36
1963 5 36
1964 5 36
1965 5 36
1966 5 37
1967 5 37
1968 5 37
1969 5 37
1970 5 37
1971 5 37
1972 5 37
1973 5 37
1974 5 37
1975 5 37
1976 5 37
1977 5 37
1978 5 37
1979 5 36
1980 5 36
1981 5 36
1982 5 36
1983 5 36
1984 5 36
1985 5 36
1986 5 36
1987 5 36
1988 5 36
1989 5 36
1990 5 36
1991 5 36
1992 5 36
1993 5 36
1994 5 36
1995 5 36
1996 5 36
1997 5 36
1998 6 36
1999 6 36
2000 6 36
2001 6 36
2002 6 36
2003 6 36
2004 6 36
2005 6 36
2006 6 36
2007 6 36
2008 6 36
2009 6 36
2010 6 36
2011 6 36
2012 6 36
2013 6 36
2014 6 36
2015 6 36
2016 6 36
2017 6 36
2018 6 36
2019 6 36
2020 6 36
2021 6 36
2022 6 36
2023 6 36
2024 6 36
2025 6 36
2026 6 36
2027 6 36
2028 6 36
2029 6 36
2030 6 36
2031 6 36
2032 6 36
2033 6 36
2034 6 36
2035 6 36
2036 6 36
2037 6 36
2038 6 36
2039 6 36
2040 6 36
2041 6 36
2042 6 36
2043 6 36
2044 6 36
2045 6 36
2046 6 36
2047 6 36
2048 6 36
2049 6 36
2050 6 36
2051 6 36
2052 6 36
2053 6 36
2054 6 36
2055 6 36
2056 6 36
2057 6 36
2058 6 36
2059 6 36
2060 6 36
2061 6 36
2062 6 36
2063 6 36
2064 6 36
2065 6 36
2066 6 36
2067 6 36
2068 6 36
2069 6 36
2070 6 36
2071 6 36
2072 6 36
2073 6 36
2074 6 36
2075 6 36
2076 6 36
2077 6 36
2078 6 36
2079 6 36
2080 6 36
2081 6 36
2082 6 36
2083 6 36
2084 6 36
2085 6 36
2086 6 36
2087 6 36
2088 6 36
2089 6 36
2090 6 35
2091 6 35
2092 6 35
2093 6 35
2094 6 35
2095 6 35
2096 6 35
2097 6 35
2098 6 35
2099 6 35
2100 6 35
2101 6 35
2102 6 35
2103 6 35
2104 6 35
2105 6 35
2106 6 35
2107 6 35
2108 6 35
2109 6 35
2110 6 35
2111 6 35
2112 6 35
2113 6 35
2114 6 35
2115 6 35
2116 6 35
2117 6 35
2118 7 35
2119 7 35
2120 7 35
2121 7 35
2122 7 35
2123 7 35
2124 7 35
2125 7 35
2126 7 35
2127 7 35
2128 7 35
2129 7 35
2130 7 35
2131 7 35
2132 7 35
2133 7 35
2134 7 35
2135 7 35
2136 7 35
2137 7 35
2138 7 35
2139 7 35
2140 7 35
2141 7 35
2142 7 35
2143 7 35
2144 7 35
2145 7 35
2146 7 35
2147 7 35
2148 7 35
2149 7 35
2150 7 35
2151 7 35
2152 7 35
2153 7 35
2154 7 35
2155 7 35
2156 7 35
2157 7 35
2158 7 35
2159 7 35
2160 7 35
2161 7 35
2162 7 35
2163 7 35
2164 7 35
2165 7 34
2166 7 34
2167 7 34
2168 7 34
2169 7 34
2170 7 34
2171 7 34
2172 7 34
2173 7 34
2174 7 34
2175 7 34
2176 7 34
2177 7 34
2178 7 34
2179 7 34
2180 7 34
2181 7 34
2182 7 34
2183 7 34
2184 7 34
2185 7 34
2186 7 34
2187 7 34
2188 7 34
2189 7 34
2190 7 34
2191 7 34
2192 7 34
2193 7 34
2194 7 34
2195 7 34
2196 7 34
2197 7 34
2198 7 34
2199 7 34
2200 7 34
2201 7 34
2202 7 34
2203 7 34
2204 7 34
2205 7 34
2206 7 34
2207 7 34
2208 8 34
2209 8 34
2210 8 34
2211 8 34
2212 8 34
2213 8 33
2214 8 33
2215 8 33
2216 8 33
2217 8 33
2218 8 33
2219 8 33
2220 8 33
2221 8 33
2222 8 33
2223 8 33
2224 8 33
2225 8 33
2226 8 33
2227 8 33
2228 8 33
2229 8 33
2230 8 33
2231 8 33
2232 8 33
2233 8 33
2234 8 33
2235 8 33
2236 8 33
2237 8 33
2238 8 33
2239 8 33
2240 8 33
2241 8 33
2242 8 33
2243 8 33
2244 8 33
2245 8 33
2246 8 33
2247 8 33
2248 8 33
2249 8 33
2250 8 32
2251 8 32
2252 8 32
2253 8 32
2254 8 32
2255 8 32
2256 8 32
2257 8 32
2258 8 32
2259 8 32
2260 8 32
2261 8 32
2262 8 32
2263 8 32
2264 8 32
2265 8 32
2266 8 32
2267 8 32
2268 8 32
2269 8 32
2270 8 32
2271 8 32
2272 8 32
2273 8 32
2274 8 32
2275 9 32
2276 9 32
2277 9 32
2278 9 32
2279 9 32
2280 9 32
2281 9 32
2282 9 32
2283 9 32
2284 9 32
2285 9 32
2286 9 32
2287 9 32
2288 9 32
2289 9 32
2290 9 32
2291 9 32
2292 9 32
2293 9 32
2294 9 32
2295 9 32
2296 9 32
2297 9 32
2298 9 32
2299 9 32
2300 9 32
2301 9 32
2302 9 32
2303 9 32
2304 9 32
2305 9 32
2306 9 31
2307 9 31
2308 9 31
2309 9 31
2310 9 31
2311 9 31
2312 9 31
2313 9 31
2314 9 31
2315 9 31
2316 9 31
2317 9 31
2318 9 31
2319 9 31
2320 9 31
2321 9 31
2322 9 31
2323 9 31
2324 9 31
2325 9 31
2326 9 31
2327 9 31
2328 9 31
2329 9 31
2330 9 31
2331 9 31
2332 9 31
2333 9 31
2334 9 31
2335 9 31
2336 9 31
2337 9 31
2338 9 31
2339 9 31
2340 10 31
2341 10 31
2342 10 31
2343 10 31
2344 10 31
2345 10 31
2346 10 31
2347 10 31
2348 10 31
2349 10 31
2350 10 31
2351 10 31
2352 10 31
2353 10 31
2354 10 31
2355 10 31
2356 10 31
2357 10 31
2358 10 31
2359 10 31
2360 10 31
2361 10 30
2362 10 30
2363 10 30
2364 10 30
2365 10 30
2366 10 30
2367 10 30
2368 10 30
2369 10 30
2370 10 30
2371 10 30
2372 10 30
2373 10 30
2374 10 30
2375 10 30
2376 10 30
2377 10 30
2378 10 30
2379 10 30
2380 10 30
2381 10 30
2382 10 30
2383 10 30
2384 10 30
2385 10 30
2386 10 30
2387 10 30
2388 10 30
2389 10 30
2390 10 30
2391 10 30
2392 10 30
2393 10 30
2394 10 30
2395 10 30
2396 10 30
2397 10 30
2398 10 30
2399 10 30
2400 10 30
2401 10 30
2402 10 30
2403 10 30
2404 10 30
2405 10 30
2406 10 30
2407 10 30
2408 10 30
2409 10 30
2410 11 30
2411 11 30
2412 11 30
2413 11 30
2414 11 30
2415 11 30
2416 11 30
2417 11 30
2418 11 30
2419 11 30
2420 11 30
2421 11 30
2422 11 30
2423 11 30
2424 11 30
2425 11 30
2426 11 30
2427 11 30
2428 11 30
2429 11 30
2430 11 30
2431 11 30
2432 11 29
2433 11 29
2434 11 29
2435 11 29
2436 11 29
2437 11 29
2438 11 29
2439 11 29
2440 11 29
2441 11 29
2442 11 29
2443 11 29
2444 11 29
2445 11 29
2446 11 29
2447 11 29
2448 11 29
2449 11 29
2450 11 29
2451 11 29
2452 11 29
2453 11 29
2454 11 29
2455 11 29
2456 11 29
2457 11 29
2458 11 29
2459 11 29
2460 11 29
2461 11 29
2462 11 29
2463 11 29
2464 11 29
2465 11 29
2466 11 29
2467 12 29
2468 12 29
2469 12 29
2470 12 29
2471 12 29
2472 12 29
2473 12 29
2474 12 29
2475 12 29
2476 12 28
2477 12 28
2478 12 28
2479 12 28
2480 12 28
2481 12 28
2482 12 28
2483 12 28
2484 12 28
2485 12 28
2486 12 28
2487 12 28
2488 12 28
2489 12 28
2490 12 28
2491 12 28
2492 12 28
2493 12 28
2494 12 28
2495 12 28
2496 12 28
2497 12 28
2498 12 28
2499 13 28
2500 13 28
2501 13 28
2502 13 28
2503 13 28
2504 13 28
2505 13 28
2506 13 28
2507 13 28
2508 13 28
2509 13 28
2510 13 28
2511 13 28
2512 13 28
2513 13 28
2514 13 28
2515 13 28
2516 13 28
2517 13 28
2518 13 28
2519 13 28
2520 13 28
2521 13 28
2522 13 27
2523 13 27
2524 13 27
2525 13 27
2526 13 27
2527 13 27
2528 13 27
2529 13 27
2530 13 27
2531 13 27
2532 14 27
2533 14 27
2534 14 27
2535 14 27
2536 14 27
2537 14 27
2538 14 27
2539 14 27
2540 14 27
2541 14 27
2542 14 27
2543 14 27
2544 14 27
2545 14 27
2546 14 27
2547 14 27
2548 14 27
2549 14 27
2550 14 27
2551 14 27
2552 14 27
2553 14 27
2554 14 27
2555 14 27
2556 14 27
2557 14 27
2558 14 27
2559 14 27
2560 14 27
2561 14 27
2562 14 27
2563 14 27
2564 14 27
2565 14 27
2566 14 27
2567 14 27
2568 14 27
2569 14 27
2570 14 27
2571 15 27
2572 15 27
2573 15 27
2574 15 27
2575 15 27
2576 15 27
2577 15 27
2578 15 27
2579 15 27
2580 15 27
2581 15 27
2582 15 27
2583 15 27
2584 15 27
2585 15 27
2586 15 27
2587 15 27
2588 15 27
2589 15 27
2590 15 26
2591 15 26
2592 15 26
2593 15 26
2594 15 26
2595 15 26
2596 16 26
2597 16 26
2598 16 26
2599 16 26
2600 16 26
2601 16 26
2602 16 26
2603 16 26
2604 16 26
2605 16 26
2606 16 26
2607 16 26
2608 16 26
2609 16 26
2610 16 27
2611 16 27
2612 16 27
2613 16 27
2614 16 27
2615 16 27
2616 16 27
2617 16 27
2618 16 27
2619 16 27
2620 16 27
2621 17 27
2622 17 27
2623 17 27
2624 17 27
2625 17 27
2626 17 27
2627 17 27
2628 17 27
2629 17 27
2630 17 27
2631 17 27
2632 17 27
2633 18 26
2634 18 26
2635 18 26
2636 18 26
2637 18 26
2638 18 26
2639 18 26
2640 18 26
2641 18 26
2642 18 26
2643 18 26
2644 18 26
2645 18 26
2646 18 26
2647 18 26
2648 19 26
2649 19 26
2650 19 26
2651 19 26
2652 19 26
2653 19 26
2654 19 26
2655 19 26
2656 19 26
2657 19 26
2658 19 26
2659 19 26
2660 19 26
2661 19 26
2662 19 26
2663 19 26
2664 19 26
2665 20 26
2666 20 26
2667 20 26
2668 20 26
2669 20 26
2670 20 26
2671 20 26
2672 20 26
2673 21 26
2674 21 26
2675 21 26
2676 21 26
2677 21 26
2678 21 26
2679 21 26
2680 22 26
2681 22 26
2682 22 26
2683 22 26
2684 22 26
2685 23 25
2686 23 25
2687 23 25
2688 23 25
2689 23 25
2690 23 25
2691 23 25
2692 23 25
2693 24 25
2694 24 25
2695 24 25
2696 24 25
2697 24 25
2698 24 25
2699 24 25
2700 24 25
2701 24 25
2702 24 25
2703 24 25
2704 24 25
2705 24 25
2706 25 25
2707 25 25
2708 25 25
2709 25 25
2710 25 25
2711 26 25
2712 26 25
2713 27 25
2714 27 25
2715 27 25
2716 27 25
2717 28 25
2718 28 25
2719 28 25
2720 28 25
2721 28 25
2722 29 25
2723 29 25
2724 29 25
2725 29 25
2726 29 25
2727 29 25
2728 29 25
2729 29 25
2730 30 25
2731 30 25
2732 31 25
2733 31 25
2734 32 25
2735 32 25
2736 33 25
2737 33 25
2738 33 25
2739 33 25
2740 34 25
2741 34 25
2742 34 24
2743 34 24
2744 34 24
2745 35 24
2746 35 24
2747 35 24
2748 35 24
2749 35 24
2750 35 24
2751 35 24
2752 35 24
2753 36 24
2754 36 24
2755 36 24
2756 37 24
2757 37 24
2758 38 24
2759 38 24
2760 38 24
2761 38 24
2762 39 24
2763 39 24
2764 40 24
2765 41 24
2766 42 24
2767 44 24
2768 44 24
2769 45 24
2770 47 24
2771 48 24
2772 48 24
2773 48 24
2774 50 24
2775 55 24
2776 56 24
2777 57 24
2778 61 24
2779 63 24
2780 65 24
2781 72 24
2782 84 24
2783 100 24
