0 0 0
1 0 0
2 0 0
3 0 0
4 0 0
5 0 0
6 0 0
7 0 0
8 0 0
9 0 0
10 0 0
11 0 0
12 0 0
13 0 0
14 0 0
15 0 0
16 0 0
17 0 0
18 0 0
19 0 0
20 0 0
21 0 0
22 0 0
23 0 0
24 0 0
25 0 0
26 0 0
27 0 0
28 0 0
29 0 0
30 0 0
31 0 0
32 0 0
33 0 0
34 0 0
35 0 0
36 0 0
37 0 0
38 0 0
39 0 0
40 0 0
41 0 0
42 0 0
43 0 0
44 0 0
45 0 0
46 0 0
47 0 0
48 0 0
49 0 0
50 0 0
51 0 0
52 0 0
53 0 0
54 0 0
55 0 0
56 0 0
57 0 0
58 0 0
59 0 0
60 0 0
61 0 0
62 0 0
63 0 0
64 0 0
65 0 0
66 0 0
67 0 0
68 0 0
69 0 0
70 0 0
71 0 0
72 0 0
73 0 0
74 0 0
75 0 0
76 0 0
77 0 0
78 0 0
79 0 0
80 0 0
81 0 0
82 0 0
83 0 0
84 0 0
85 0 0
86 0 0
87 0 0
88 0 0
89 0 0
90 0 0
91 0 0
92 0 0
93 0 0
94 0 0
95 0 0
96 0 0
97 0 0
98 0 0
99 0 0
100 0 0
101 0 0
102 0 0
103 0 0
104 0 0
105 0 0
106 0 0
107 0 0
108 0 0
109 0 0
110 0 0
111 0 0
112 0 0
113 0 0
114 0 0
115 0 0
116 0 0
117 0 0
118 0 0
119 0 0
120 0 0
121 0 0
122 0 0
123 0 0
124 0 0
125 0 0
126 0 0
127 0 0
128 0 0
129 0 0
130 0 0
131 0 0
132 0 0
133 0 0
134 0 0
135 0 0
136 0 0
137 0 0
138 0 0
139 0 0
140 0 0
141 0 0
142 0 0
143 0 0
144 0 0
145 0 0
146 0 0
147 0 0
148 0 0
149 0 0
150 0 0
151 0 0
152 0 0
153 0 0
154 0 0
155 0 0
156 0 0
157 0 0
158 0 0
159 0 0
160 0 0
161 0 0
162 0 0
163 0 0
164 0 0
165 0 0
166 0 0
167 0 0
168 0 0
169 0 0
170 0 0
171 0 0
172 0 0
173 0 0
174 0 0
175 0 0
176 0 0
177 0 0
178 0 0
179 0 0
180 0 0
181 0 0
182 0 0
183 0 0
184 0 0
185 0 0
186 0 9
187 0 9
188 0 9
189 0 9
190 0 9
191 0 9
192 0 9
193 0 9
194 0 9
195 0 9
196 0 9
197 0 9
198 0 9
199 0 9
200 0 9
201 0 9
202 0 9
203 0 9
204 0 9
205 0 9
206 0 8
207 0 8
208 0 8
209 0 8
210 0 8
211 0 8
212 0 8
213 0 8
214 0 8
215 0 8
216 0 8
217 0 8
218 0 8
219 0 8
220 0 8
221 0 8
222 0 8
223 0 7
224 0 7
225 0 7
226 0 7
227 0 7
228 0 14
229 0 14
230 0 14
231 0 14
232 0 14
233 0 14
234 0 14
235 0 13
236 0 13
237 0 13
238 0 13
239 0 13
240 0 13
241 0 13
242 0 13
243 0 13
244 0 13
245 0 13
246 0 13
247 0 12
248 0 12
249 0 12
250 0 11
251 0 11
252 0 11
253 0 11
254 0 11
255 0 11
256 0 11
257 0 11
258 0 11
259 0 11
260 0 11
261 0 11
262 0 11
263 0 11
264 0 11
265 0 10
266 0 10
267 0 10
268 0 10
269 0 10
270 0 10
271 0 10
272 0 10
273 0 10
274 0 10
275 0 10
276 0 10
277 0 10
278 0 9
279 0 9
280 0 9
281 0 9
282 0 9
283 0 9
284 0 8
285 0 8
286 0 8
287 0 8
288 0 8
289 0 8
290 0 8
291 0 8
292 0 8
293 0 8
294 0 8
295 0 8
296 0 8
297 0 8
298 0 8
299 0 8
300 0 8
301 0 7
302 0 7
303 0 7
304 0 7
305 0 7
306 0 7
307 0 7
308 0 7
309 0 7
310 0 7
311 0 7
312 0 7
313 0 6
314 0 6
315 0 6
316 0 6
317 0 6
318 0 6
319 0 6
320 0 6
321 0 6
322 0 6
323 0 6
324 0 6
325 0 6
326 0 6
327 0 6
328 0 6
329 0 6
330 0 6
331 0 6
332 0 6
333 0 6
334 0 6
335 0 6
336 0 6
337 0 6
338 0 6
339 0 6
340 0 6
341 0 6
342 0 6
343 0 6
344 0 6
345 0 6
346 0 6
347 0 6
348 0 6
349 0 5
350 0 5
351 0 5
352 0 5
353 0 5
354 0 5
355 0 5
356 0 5
357 0 5
358 0 5
359 0 5
360 0 5
361 0 5
362 0 5
363 0 5
364 0 5
365 0 5
366 0 5
367 0 4
368 0 4
369 0 4
370 0 4
371 0 4
372 0 4
373 0 4
374 0 4
375 0 4
376 0 4
377 0 4
378 0 4
379 0 4
380 0 4
381 0 4
382 0 4
383 0 4
384 0 4
385 0 4
386 0 4
387 0 4
388 0 4
389 0 4
390 0 4
391 0 4
392 0 4
393 0 4
394 0 4
395 0 4
396 0 4
397 0 4
398 0 4
399 0 4
400 0 4
401 0 4
402 0 4
403 0 4
404 0 4
405 0 4
406 0 4
407 0 4
408 0 4
409 0 4
410 0 4
411 0 4
412 0 4
413 0 4
414 0 4
415 0 4
416 0 4
417 0 4
418 0 4
419 0 4
420 0 4
421 0 4
422 0 4
423 0 4
424 0 4
425 0 4
426 0 4
427 0 4
428 0 4
429 0 4
430 0 3
431 0 3
432 0 3
433 0 5
434 0 5
435 0 5
436 0 5
437 0 5
438 0 5
439 0 5
440 0 5
441 0 5
442 0 5
443 0 5
444 0 5
445 0 5
446 0 5
447 0 5
448 0 5
449 0 5
450 0 5
451 0 5
452 0 5
453 0 5
454 0 5
455 0 5
456 0 5
457 0 5
458 0 5
459 0 5
460 0 5
461 0 5
462 0 5
463 0 5
464 0 5
465 0 5
466 0 5
467 0 5
468 0 5
469 0 5
470 0 5
471 0 5
472 0 5
473 0 5
474 0 5
475 0 5
476 0 5
477 0 5
478 0 5
479 0 5
480 0 5
481 0 5
482 0 5
483 0 5
484 0 5
485 0 5
486 0 5
487 0 5
488 0 5
489 0 5
490 0 5
491 0 5
492 0 5
493 0 5
494 0 5
495 0 5
496 0 5
497 0 4
498 0 4
499 0 4
500 0 4
501 0 4
502 0 4
503 0 4
504 0 4
505 0 4
506 0 4
507 0 4
508 0 4
509 0 4
510 0 4
511 0 4
512 0 4
513 0 4
514 0 4
515 0 4
516 0 4
517 0 4
518 0 4
519 0 4
520 0 4
521 0 4
522 0 4
523 0 4
524 0 4
525 0 4
526 0 4
527 0 4
528 0 4
529 0 4
530 0 4
531 0 4
532 0 4
533 0 4
534 0 4
535 0 5
536 0 5
537 0 5
538 0 5
539 0 5
540 0 5
541 0 5
542 0 5
543 0 7
544 0 7
545 0 7
546 0 7
547 0 7
548 0 7
549 0 7
550 0 7
551 0 7
552 0 7
553 0 7
554 0 7
555 0 7
556 0 7
557 0 8
558 0 8
559 0 8
560 0 8
561 0 8
562 0 8
563 0 8
564 0 8
565 0 8
566 0 8
567 0 8
568 0 8
569 0 8
570 0 8
571 0 9
572 0 9
573 0 9
574 0 9
575 0 9
576 0 9
577 0 9
578 0 9
579 0 9
580 0 9
581 0 9
582 0 9
583 0 9
584 0 9
585 0 9
586 0 9
587 0 9
588 0 9
589 0 9
590 0 10
591 0 10
592 0 10
593 0 10
594 0 10
595 0 10
596 0 10
597 0 10
598 0 10
599 0 10
600 0 10
601 0 10
602 0 10
603 0 10
604 0 10
605 0 10
606 0 10
607 0 10
608 0 10
609 0 10
610 0 10
611 0 10
612 0 10
613 0 10
614 0 10
615 0 10
616 0 10
617 0 10
618 0 10
619 0 10
620 0 10
621 0 10
622 0 10
623 0 10
624 0 10
625 0 10
626 0 10
627 0 10
628 0 11
629 0 11
630 0 11
631 0 11
632 0 11
633 0 11
634 0 11
635 0 11
636 0 11
637 0 11
638 0 11
639 0 11
640 0 12
641 0 12
642 0 12
643 0 12
644 0 12
645 0 12
646 0 12
647 0 12
648 0 12
649 0 12
650 0 12
651 0 12
652 0 12
653 0 12
654 0 12
655 0 12
656 0 12
657 0 12
658 0 12
659 0 12
660 0 12
661 0 12
662 0 12
663 0 13
664 0 13
665 0 13
666 0 13
667 0 13
668 0 13
669 0 13
670 0 13
671 0 13
672 0 13
673 0 13
674 0 13
675 0 13
676 0 14
677 0 14
678 0 14
679 0 14
680 0 14
681 0 15
682 0 15
683 0 15
684 0 15
685 0 15
686 0 15
687 1 15
688 1 14
689 1 14
690 1 14
691 1 14
692 1 14
693 1 14
694 1 14
695 1 14
696 1 14
697 1 14
698 1 14
699 1 14
700 1 14
701 1 14
702 1 14
703 1 14
704 1 14
705 1 14
706 1 14
707 1 14
708 1 14
709 1 14
710 1 14
711 1 14
712 1 14
713 1 14
714 1 14
715 1 14
716 1 14
717 1 15
718 1 15
719 1 15
720 1 15
721 1 15
722 1 15
723 1 15
724 1 15
725 1 15
726 1 15
727 1 15
728 1 15
729 1 15
730 1 15
731 1 15
732 1 15
733 1 15
734 1 15
735 1 15
736 1 15
737 1 15
738 1 15
739 1 15
740 1 15
741 1 15
742 1 15
743 1 15
744 1 15
745 1 15
746 1 15
747 1 15
748 1 15
749 1 15
750 1 15
751 1 15
752 1 15
753 1 15
754 1 16
755 1 16
756 1 16
757 1 16
758 1 16
759 1 16
760 1 16
761 1 16
762 1 16
763 1 16
764 1 16
765 1 15
766 1 15
767 1 15
768 1 15
769 1 15
770 1 15
771 1 15
772 1 15
773 1 15
774 1 16
775 1 16
776 1 16
777 1 16
778 1 16
779 1 16
780 1 16
781 1 16
782 1 16
783 1 16
784 1 17
785 1 17
786 1 17
787 1 17
788 1 17
789 1 17
790 1 17
791 1 17
792 1 17
793 1 17
794 1 16
795 1 16
796 1 16
797 1 16
798 1 16
799 1 16
800 1 16
801 1 16
802 1 16
803 1 16
804 1 16
805 1 16
806 1 16
807 1 16
808 1 16
809 1 16
810 1 16
811 1 16
812 1 16
813 1 16
814 1 16
815 1 16
816 1 16
817 1 17
818 1 17
819 1 17
820 1 17
821 1 17
822 1 17
823 1 17
824 1 17
825 1 17
826 1 17
827 1 17
828 1 17
829 1 17
830 1 16
831 1 16
832 1 16
833 1 16
834 1 16
835 1 16
836 1 16
837 1 16
838 1 16
839 1 16
840 1 16
841 1 16
842 1 16
843 1 16
844 1 16
845 1 16
846 1 17
847 1 17
848 1 17
849 1 17
850 1 17
851 1 17
852 1 17
853 1 17
854 1 17
855 1 16
856 1 16
857 1 16
858 1 16
859 1 16
860 1 16
861 1 16
862 1 16
863 1 16
864 1 16
865 1 16
866 1 16
867 1 16
868 1 16
869 1 16
870 1 16
871 1 16
872 1 16
873 1 16
874 1 16
875 1 16
876 1 17
877 1 17
878 1 17
879 1 17
880 1 17
881 1 17
882 1 17
883 1 17
884 1 17
885 1 17
886 1 17
887 1 17
888 1 16
889 1 16
890 1 16
891 1 16
892 1 16
893 1 16
894 1 16
895 1 16
896 1 16
897 1 16
898 1 16
899 1 16
900 1 16
901 1 16
902 1 17
903 1 17
904 1 17
905 1 17
906 1 17
907 1 17
908 1 17
909 1 17
910 1 17
911 1 17
912 1 17
913 1 17
914 1 17
915 1 17
916 1 17
917 1 17
918 1 17
919 1 17
920 1 17
921 1 17
922 1 17
923 1 17
924 1 17
925 1 17
926 1 16
927 1 16
928 1 16
929 1 16
930 1 16
931 1 16
932 1 16
933 1 16
934 1 16
935 1 16
936 1 16
937 1 16
938 1 16
939 1 16
940 1 16
941 1 16
942 1 16
943 1 16
944 1 16
945 1 16
946 1 16
947 1 16
948 1 16
949 1 16
950 1 16
951 1 16
952 1 16
953 1 16
954 1 16
955 1 16
956 1 16
957 1 16
958 1 16
959 1 16
960 1 16
961 1 16
962 1 15
963 1 15
964 1 15
965 1 15
966 1 15
967 1 15
968 1 15
969 1 15
970 1 15
971 1 15
972 1 15
973 1 15
974 1 15
975 1 15
976 1 15
977 1 15
978 1 15
979 1 15
980 1 15
981 1 15
982 1 15
983 1 15
984 1 15
985 1 16
986 1 16
987 1 16
988 1 16
989 1 16
990 1 16
991 1 15
992 1 15
993 1 15
994 1 15
995 1 15
996 1 15
997 1 15
998 1 15
999 1 15
1000 1 15
1001 1 15
1002 1 15
1003 1 15
1004 1 15
1005 1 15
1006 1 15
1007 1 15
1008 1 15
1009 1 15
1010 1 15
1011 1 15
1012 1 15
1013 1 15
1014 1 15
1015 1 15
1016 1 15
1017 1 15
1018 1 15
1019 1 15
1020 1 15
1021 1 15
1022 1 15
1023 1 15
1024 1 15
1025 1 15
1026 1 15
1027 1 15
1028 1 15
1029 1 15
1030 1 15
1031 1 15
1032 1 16
1033 1 16
1034 1 16
1035 1 16
1036 1 16
1037 1 16
1038 1 16
1039 1 16
1040 1 16
1041 1 15
1042 1 15
1043 1 15
1044 1 15
1045 1 15
1046 1 15
1047 1 15
1048 1 15
1049 1 15
1050 1 15
1051 1 15
1052 1 15
1053 1 15
1054 1 15
1055 1 15
1056 1 15
1057 1 15
1058 1 15
1059 1 15
1060 1 15
1061 1 15
1062 1 15
1063 1 15
1064 1 15
1065 1 15
1066 1 15
1067 1 15
1068 1 15
1069 1 15
1070 1 15
1071 1 15
1072 1 15
1073 1 15
1074 1 15
1075 1 15
1076 1 15
1077 1 15
1078 1 16
1079 1 15
1080 1 15
1081 1 15
1082 1 15
1083 1 15
1084 1 15
1085 1 15
1086 1 15
1087 1 15
1088 1 15
1089 1 15
1090 1 15
1091 1 15
1092 1 15
1093 1 15
1094 1 15
1095 1 15
1096 1 15
1097 1 15
1098 1 15
1099 1 15
1100 1 15
1101 1 15
1102 1 15
1103 1 16
1104 1 16
1105 1 15
1106 1 15
1107 1 15
1108 1 15
1109 1 15
1110 1 15
1111 1 15
1112 1 15
1113 1 15
1114 1 15
1115 1 15
1116 1 15
1117 1 15
1118 1 15
1119 1 15
1120 1 15
1121 1 15
1122 1 15
1123 1 15
1124 1 15
1125 1 15
1126 1 15
1127 1 15
1128 1 15
1129 1 15
1130 1 15
1131 1 15
1132 1 15
1133 1 15
1134 1 15
1135 1 15
1136 1 15
1137 1 15
1138 1 15
1139 2 15
1140 2 15
1141 2 15
1142 2 15
1143 2 15
1144 2 15
1145 2 15
1146 2 15
1147 2 15
1148 2 15
1149 2 15
1150 2 15
1151 2 15
1152 2 15
1153 2 15
1154 2 15
1155 2 15
1156 2 15
1157 2 15
1158 2 15
1159 2 15
1160 2 15
1161 2 15
1162 2 15
1163 2 15
1164 2 15
1165 2 15
1166 2 15
1167 2 15
1168 2 15
1169 2 15
1170 2 15
1171 2 14
1172 2 14
1173 2 14
1174 2 14
1175 2 14
1176 2 14
1177 2 14
1178 2 14
1179 2 14
1180 2 14
1181 2 14
1182 2 14
1183 2 14
1184 2 14
1185 2 14
1186 2 14
1187 2 14
1188 2 14
1189 2 14
1190 2 14
1191 2 14
1192 2 14
1193 2 14
1194 2 14
1195 2 14
1196 2 14
1197 2 14
1198 2 14
1199 2 14
1200 2 14
1201 2 14
1202 2 14
1203 2 14
1204 2 14
1205 2 14
1206 2 14
1207 2 14
1208 2 14
1209 2 14
1210 2 14
1211 2 14
1212 2 14
1213 2 14
1214 2 14
1215 2 14
1216 2 14
1217 2 14
1218 2 14
1219 2 14
1220 2 14
1221 2 14
1222 2 14
1223 2 14
1224 2 14
1225 2 14
1226 2 14
1227 2 14
1228 2 14
1229 2 14
1230 2 14
1231 2 14
1232 2 14
1233 2 14
1234 2 14
1235 2 14
1236 2 14
1237 2 14
1238 2 14
1239 2 14
1240 2 14
1241 2 14
1242 2 14
1243 2 14
1244 2 14
1245 2 14
1246 2 14
1247 2 14
1248 2 14
1249 2 14
1250 2 14
1251 2 14
1252 2 14
1253 2 14
1254 2 14
1255 2 13
1256 2 13
1257 2 13
1258 2 13
1259 2 13
1260 2 13
1261 2 13
1262 2 13
1263 2 14
1264 2 14
1265 2 14
1266 2 14
1267 2 14
1268 2 14
1269 2 15
1270 2 15
1271 2 15
1272 2 15
1273 2 15
1274 2 15
1275 2 15
1276 2 15
1277 2 15
1278 2 15
1279 2 15
1280 2 15
1281 2 15
1282 2 15
1283 2 15
1284 2 15
1285 2 15
1286 2 15
1287 2 15
1288 2 15
1289 2 15
1290 2 15
1291 2 15
1292 2 15
1293 2 15
1294 2 15
1295 2 15
1296 2 15
1297 2 15
1298 2 15
1299 2 15
1300 2 15
1301 2 15
1302 2 15
1303 2 15
1304 2 15
1305 2 15
1306 2 15
1307 2 15
1308 2 15
1309 2 15
1310 2 15
1311 2 15
1312 2 15
1313 2 15
1314 2 15
1315 2 15
1316 2 15
1317 2 15
1318 2 15
1319 2 15
1320 2 15
1321 2 15
1322 2 15
1323 2 15
1324 2 15
1325 2 15
1326 2 15
1327 2 15
1328 2 15
1329 2 15
1330 2 15
1331 2 15
1332 2 15
1333 2 15
1334 2 15
1335 2 15
1336 2 16
1337 2 16
1338 2 16
1339 2 16
1340 2 16
1341 2 16
1342 2 16
1343 2 16
1344 2 16
1345 2 16
1346 2 16
1347 2 16
1348 2 16
1349 2 16
1350 2 16
1351 2 16
1352 2 16
1353 2 16
1354 2 16
1355 2 16
1356 2 16
1357 2 16
1358 2 16
1359 2 16
1360 2 16
1361 2 16
1362 2 16
1363 2 16
1364 2 16
1365 2 16
1366 2 16
1367 2 16
1368 2 16
1369 2 16
1370 2 16
1371 2 16
1372 2 16
1373 2 16
1374 2 16
1375 2 16
1376 2 16
1377 2 16
1378 2 16
1379 2 16
1380 2 16
1381 2 16
1382 2 16
1383 2 16
1384 2 16
1385 2 16
1386 2 16
1387 2 16
1388 2 16
1389 2 16
1390 2 16
1391 2 16
1392 2 16
1393 2 16
1394 2 16
1395 2 16
1396 2 16
1397 2 16
1398 2 16
1399 2 16
1400 2 16
1401 2 16
1402 2 16
1403 2 16
1404 2 16
1405 2 16
1406 2 16
1407 2 16
1408 2 16
1409 2 16
1410 2 16
1411 2 16
1412 2 16
1413 2 16
1414 2 16
1415 2 15
1416 2 15
1417 2 15
1418 2 15
1419 2 15
1420 2 15
1421 2 15
1422 2 15
1423 2 15
1424 2 15
1425 2 15
1426 2 15
1427 2 15
1428 2 15
1429 2 15
1430 2 15
1431 2 15
1432 2 15
1433 2 15
1434 2 16
1435 2 16
1436 2 16
1437 2 16
1438 2 16
1439 2 16
1440 2 16
1441 2 16
1442 2 16
1443 2 16
1444 2 16
1445 2 16
1446 2 16
1447 2 16
1448 2 16
1449 2 16
1450 2 16
1451 2 16
1452 2 16
1453 2 16
1454 2 16
1455 2 16
1456 2 16
1457 2 16
1458 2 16
1459 2 16
1460 2 16
1461 2 16
1462 2 16
1463 2 16
1464 2 16
1465 3 16
1466 3 16
1467 3 16
1468 3 16
1469 3 16
1470 3 16
1471 3 16
1472 3 16
1473 3 16
1474 3 16
1475 3 16
1476 3 16
1477 3 16
1478 3 16
1479 3 16
1480 3 16
1481 3 16
1482 3 16
1483 3 16
1484 3 16
1485 3 16
1486 3 16
1487 3 16
1488 3 16
1489 3 16
1490 3 15
1491 3 15
1492 3 15
1493 3 15
1494 3 15
1495 3 15
1496 3 15
1497 3 15
1498 3 15
1499 3 15
1500 3 15
1501 3 15
1502 3 15
1503 3 15
1504 3 15
1505 3 15
1506 3 15
1507 3 15
1508 3 16
1509 3 16
1510 3 16
1511 3 16
1512 3 16
1513 3 16
1514 3 16
1515 3 16
1516 3 16
1517 3 16
1518 3 16
1519 3 16
1520 3 16
1521 3 16
1522 3 16
1523 3 16
1524 3 16
1525 3 16
1526 3 16
1527 3 16
1528 3 16
1529 3 16
1530 3 16
1531 3 16
1532 3 16
1533 3 16
1534 3 16
1535 3 16
1536 3 16
1537 3 16
1538 3 16
1539 3 16
1540 3 16
1541 3 16
1542 3 16
1543 3 16
1544 3 17
1545 3 17
1546 3 17
1547 3 17
1548 3 17
1549 3 17
1550 3 17
1551 3 17
1552 3 17
1553 3 17
1554 3 17
1555 3 17
1556 3 17
1557 3 17
1558 3 17
1559 3 17
1560 3 17
1561 3 17
1562 3 17
1563 3 17
1564 3 17
1565 3 17
1566 3 17
1567 3 17
1568 3 17
1569 3 17
1570 3 17
1571 3 17
1572 3 17
1573 3 17
1574 3 17
1575 3 18
1576 3 18
1577 3 18
1578 3 18
1579 3 18
1580 3 18
1581 3 18
1582 3 18
1583 3 18
1584 3 18
1585 3 18
1586 3 18
1587 3 18
1588 3 18
1589 3 17
1590 3 17
1591 3 17
1592 3 17
1593 3 17
1594 3 17
1595 3 17
1596 3 17
1597 3 17
1598 3 17
1599 3 17
1600 3 17
1601 3 18
1602 3 18
1603 3 18
1604 3 18
1605 3 18
1606 3 18
1607 3 18
1608 3 18
1609 3 18
1610 3 18
1611 3 18
1612 3 18
1613 3 18
1614 3 18
1615 3 18
1616 3 18
1617 3 18
1618 3 18
1619 3 18
1620 3 18
1621 3 18
1622 3 18
1623 3 18
1624 3 18
1625 3 18
1626 3 18
1627 3 18
1628 3 18
1629 3 18
1630 3 18
1631 3 18
1632 3 18
1633 3 18
1634 3 18
1635 3 18
1636 3 18
1637 3 18
1638 3 18
1639 3 18
1640 3 18
1641 3 18
1642 3 18
1643 3 18
1644 3 18
1645 3 18
1646 3 18
1647 3 18
1648 3 18
1649 3 18
1650 3 18
1651 3 18
1652 3 18
1653 3 18
1654 3 18
1655 3 18
1656 3 18
1657 3 18
1658 3 18
1659 3 18
1660 3 18
1661 3 18
1662 3 18
1663 3 18
1664 3 18
1665 3 18
1666 3 18
1667 3 18
1668 3 18
1669 3 18
1670 3 18
1671 3 18
1672 3 18
1673 3 18
1674 4 18
1675 4 18
1676 4 18
1677 4 18
1678 4 18
1679 4 18
1680 4 18
1681 4 18
1682 4 18
1683 4 18
1684 4 18
1685 4 18
1686 4 18
1687 4 18
1688 4 18
1689 4 19
1690 4 19
1691 4 19
1692 4 19
1693 4 19
1694 4 19
1695 4 19
1696 4 19
1697 4 19
1698 4 19
1699 4 19
1700 4 19
1701 4 19
1702 4 19
1703 4 19
1704 4 19
1705 4 19
1706 4 19
1707 4 19
1708 4 19
1709 4 19
1710 4 19
1711 4 19
1712 4 19
1713 4 19
1714 4 19
1715 4 19
1716 4 19
1717 4 19
1718 4 20
1719 4 20
1720 4 20
1721 4 20
1722 4 20
1723 4 20
1724 4 20
1725 4 20
1726 4 20
1727 4 20
1728 4 20
1729 4 20
1730 4 20
1731 4 20
1732 4 20
1733 4 20
1734 4 20
1735 4 20
1736 4 20
1737 4 20
1738 4 20
1739 4 20
1740 4 20
1741 4 20
1742 4 21
1743 4 21
1744 4 21
1745 4 21
1746 4 21
1747 4 21
1748 4 21
1749 4 21
1750 4 21
1751 4 21
1752 4 21
1753 4 21
1754 4 21
1755 4 21
1756 4 21
1757 4 21
1758 4 21
1759 4 21
1760 4 21
1761 4 21
1762 4 21
1763 4 21
1764 4 21
1765 4 21
1766 4 21
1767 4 21
1768 4 21
1769 4 21
1770 4 21
1771 4 21
1772 4 21
1773 4 21
1774 4 21
1775 4 21
1776 4 21
1777 4 21
1778 4 21
1779 4 21
1780 4 21
1781 4 21
1782 4 21
1783 4 21
1784 4 22
1785 4 22
1786 4 22
1787 4 22
1788 4 22
1789 4 22
1790 4 22
1791 4 22
1792 4 22
1793 4 22
1794 4 22
1795 4 22
1796 4 22
1797 4 22
1798 4 22
1799 4 22
1800 4 22
1801 4 22
1802 4 22
1803 4 22
1804 4 22
1805 4 22
1806 4 22
1807 4 22
1808 4 22
1809 4 22
1810 4 22
1811 4 22
1812 4 22
1813 4 22
1814 4 22
1815 4 22
1816 4 22
1817 4 22
1818 4 22
1819 4 22
1820 4 22
1821 4 22
1822 4 22
1823 4 22
1824 4 22
1825 4 22
1826 4 22
1827 4 22
1828 4 22
1829 4 22
1830 4 22
1831 4 22
1832 4 22
1833 4 22
1834 4 22
1835 4 22
1836 4 22
1837 4 22
1838 4 22
1839 4 22
1840 4 22
1841 4 22
1842 4 22
1843 4 22
1844 4 22
1845 4 22
1846 4 22
1847 4 22
1848 4 22
1849 4 22
1850 5 22
1851 5 22
1852 5 22
1853 5 22
1854 5 22
1855 5 22
1856 5 22
1857 5 23
1858 5 23
1859 5 23
1860 5 23
1861 5 23
1862 5 23
1863 5 23
1864 5 23
1865 5 23
1866 5 23
1867 5 22
1868 5 22
1869 5 22
1870 5 22
1871 5 22
1872 5 22
1873 5 22
1874 5 22
1875 5 23
1876 5 23
1877 5 23
1878 5 23
1879 5 23
1880 5 23
1881 5 23
1882 5 23
1883 5 23
1884 5 23
1885 5 23
1886 5 23
1887 5 23
1888 5 23
1889 5 23
1890 5 23
1891 5 23
1892 5 23
1893 5 23
1894 5 23
1895 5 23
1896 5 23
1897 5 23
1898 5 23
1899 5 23
1900 5 23
1901 5 23
1902 5 23
1903 5 23
1904 5 23
1905 5 23
1906 5 23
1907 5 23
1908 5 23
1909 5 23
1910 5 23
1911 5 23
1912 5 23
1913 5 23
1914 5 23
1915 5 24
1916 5 24
1917 5 24
1918 5 24
1919 5 24
1920 5 24
1921 5 24
1922 5 24
1923 5 24
1924 5 24
1925 5 24
1926 5 24
1927 5 24
1928 5 24
1929 5 24
1930 5 24
1931 5 24
1932 5 24
1933 5 24
1934 5 24
1935 5 24
1936 5 24
1937 5 24
1938 5 24
1939 5 24
1940 5 24
1941 5 25
1942 5 25
1943 5 25
1944 5 25
1945 5 25
1946 5 25
1947 5 25
1948 5 25
1949 5 25
1950 5 25
1951 5 25
1952 5 25
1953 5 25
1954 5 25
1955 5 25
1956 5 25
1957 5 25
1958 5 25
1959 5 25
1960 5 25
1961 5 25
1962 5 25
1963 5 25
1964 5 25
1965 5 25
1966 5 25
1967 5 25
1968 5 25
1969 5 25
1970 5 25
1971 5 25
1972 5 25
1973 5 25
1974 5 25
1975 5 25
1976 5 25
1977 5 25
1978 5 25
1979 5 25
1980 5 25
1981 5 25
1982 5 25
1983 5 25
1984 5 26
1985 5 26
1986 5 26
1987 5 25
1988 5 25
1989 5 25
1990 5 25
1991 5 25
1992 5 25
1993 5 25
1994 5 25
1995 5 25
1996 5 25
1997 5 25
1998 6 25
1999 6 25
2000 6 25
2001 6 25
2002 6 25
2003 6 26
2004 6 26
2005 6 26
2006 6 26
2007 6 26
2008 6 26
2009 6 26
2010 6 26
2011 6 26
2012 6 26
2013 6 26
2014 6 26
2015 6 26
2016 6 26
2017 6 26
2018 6 26
2019 6 26
2020 6 26
2021 6 26
2022 6 26
2023 6 26
2024 6 26
2025 6 26
2026 6 26
2027 6 26
2028 6 26
2029 6 26
2030 6 26
2031 6 26
2032 6 26
2033 6 26
2034 6 26
2035 6 26
2036 6 26
2037 6 26
2038 6 26
2039 6 26
2040 6 26
2041 6 26
2042 6 27
2043 6 27
2044 6 27
2045 6 27
2046 6 27
2047 6 27
2048 6 27
2049 6 27
2050 6 27
2051 6 27
2052 6 27
2053 6 27
2054 6 27
2055 6 27
2056 6 27
2057 6 27
2058 6 27
2059 6 27
2060 6 27
2061 6 27
2062 6 27
2063 6 27
2064 6 27
2065 6 27
2066 6 27
2067 6 27
2068 6 27
2069 6 27
2070 6 27
2071 6 27
2072 6 27
2073 6 27
2074 6 27
2075 6 27
2076 6 27
2077 6 27
2078 6 27
2079 6 27
2080 6 27
2081 6 27
2082 6 28
2083 6 28
2084 6 28
2085 6 28
2086 6 28
2087 6 27
2088 6 27
2089 6 28
2090 6 28
2091 6 28
2092 6 28
2093 6 28
2094 6 28
2095 6 28
2096 6 28
2097 6 28
2098 6 28
2099 6 28
2100 6 28
2101 6 28
2102 6 28
2103 6 28
2104 6 28
2105 6 28
2106 6 28
2107 6 28
2108 6 28
2109 6 28
2110 6 28
2111 6 28
2112 6 28
2113 6 28
2114 6 28
2115 6 28
2116 6 28
2117 6 28
2118 7 28
2119 7 28
2120 7 28
2121 7 28
2122 7 28
2123 7 28
2124 7 28
2125 7 28
2126 7 28
2127 7 28
2128 7 28
2129 7 28
2130 7 28
2131 7 28
2132 7 28
2133 7 28
2134 7 28
2135 7 28
2136 7 28
2137 7 28
2138 7 28
2139 7 28
2140 7 28
2141 7 28
2142 7 28
2143 7 28
2144 7 28
2145 7 29
2146 7 29
2147 7 29
2148 7 29
2149 7 29
2150 7 29
2151 7 29
2152 7 29
2153 7 29
2154 7 29
2155 7 29
2156 7 29
2157 7 29
2158 7 29
2159 7 29
2160 7 30
2161 7 30
2162 7 30
2163 7 30
2164 7 30
2165 7 30
2166 7 30
2167 7 30
2168 7 30
2169 7 30
2170 7 30
2171 7 30
2172 7 30
2173 7 30
2174 7 30
2175 7 30
2176 7 30
2177 7 30
2178 7 30
2179 7 30
2180 7 30
2181 7 30
2182 7 30
2183 7 30
2184 7 31
2185 7 31
2186 7 31
2187 7 31
2188 7 31
2189 7 31
2190 7 31
2191 7 31
2192 7 31
2193 7 31
2194 7 31
2195 7 31
2196 7 31
2197 7 31
2198 7 31
2199 7 31
2200 7 31
2201 7 31
2202 7 31
2203 7 31
2204 7 31
2205 7 31
2206 7 31
2207 7 31
2208 8 31
2209 8 31
2210 8 31
2211 8 31
2212 8 31
2213 8 31
2214 8 31
2215 8 31
2216 8 31
2217 8 31
2218 8 31
2219 8 31
2220 8 31
2221 8 31
2222 8 31
2223 8 31
2224 8 31
2225 8 31
2226 8 31
2227 8 31
2228 8 31
2229 8 31
2230 8 31
2231 8 31
2232 8 31
2233 8 31
2234 8 31
2235 8 31
2236 8 31
2237 8 31
2238 8 31
2239 8 31
2240 8 32
2241 8 32
2242 8 32
2243 8 32
2244 8 32
2245 8 32
2246 8 32
2247 8 32
2248 8 32
2249 8 32
2250 8 32
2251 8 32
2252 8 32
2253 8 32
2254 8 32
2255 8 32
2256 8 32
2257 8 32
2258 8 32
2259 8 32
2260 8 32
2261 8 32
2262 8 32
2263 8 33
2264 8 33
2265 8 33
2266 8 33
2267 8 33
2268 8 33
2269 8 33
2270 8 33
2271 8 33
2272 8 33
2273 8 33
2274 8 33
2275 9 33
2276 9 33
2277 9 33
2278 9 33
2279 9 33
2280 9 33
2281 9 33
2282 9 33
2283 9 33
2284 9 33
2285 9 33
2286 9 33
2287 9 33
2288 9 33
2289 9 33
2290 9 33
2291 9 33
2292 9 33
2293 9 33
2294 9 33
2295 9 33
2296 9 33
2297 9 33
2298 9 33
2299 9 33
2300 9 33
2301 9 33
2302 9 33
2303 9 33
2304 9 33
2305 9 33
2306 9 33
2307 9 33
2308 9 34
2309 9 34
2310 9 34
2311 9 34
2312 9 34
2313 9 34
2314 9 34
2315 9 34
2316 9 33
2317 9 33
2318 9 33
2319 9 33
2320 9 33
2321 9 33
2322 9 33
2323 9 33
2324 9 33
2325 9 33
2326 9 33
2327 9 33
2328 9 33
2329 9 33
2330 9 33
2331 9 33
2332 9 33
2333 9 33
2334 9 33
2335 9 34
2336 9 34
2337 9 34
2338 9 34
2339 9 34
2340 10 34
2341 10 34
2342 10 34
2343 10 34
2344 10 34
2345 10 34
2346 10 34
2347 10 34
2348 10 34
2349 10 34
2350 10 34
2351 10 34
2352 10 34
2353 10 34
2354 10 34
2355 10 34
2356 10 34
2357 10 34
2358 10 34
2359 10 34
2360 10 35
2361 10 35
2362 10 35
2363 10 35
2364 10 35
2365 10 35
2366 10 35
2367 10 35
2368 10 35
2369 10 35
2370 10 35
2371 10 35
2372 10 35
2373 10 35
2374 10 35
2375 10 35
2376 10 35
2377 10 35
2378 10 35
2379 10 35
2380 10 35
2381 10 36
2382 10 36
2383 10 36
2384 10 36
2385 10 36
2386 10 36
2387 10 36
2388 10 36
2389 10 36
2390 10 36
2391 10 36
2392 10 35
2393 10 35
2394 10 35
2395 10 35
2396 10 35
2397 10 35
2398 10 35
2399 10 35
2400 10 35
2401 10 36
2402 10 36
2403 10 36
2404 10 36
2405 10 36
2406 10 36
2407 10 36
2408 10 36
2409 10 36
2410 11 36
2411 11 36
2412 11 36
2413 11 36
2414 11 36
2415 11 36
2416 11 36
2417 11 36
2418 11 36
2419 11 36
2420 11 36
2421 11 36
2422 11 36
2423 11 36
2424 11 36
2425 11 36
2426 11 36
2427 11 36
2428 11 36
2429 11 36
2430 11 36
2431 11 36
2432 11 37
2433 11 37
2434 11 37
2435 11 37
2436 11 37
2437 11 37
2438 11 37
2439 11 37
2440 11 37
2441 11 37
2442 11 37
2443 11 37
2444 11 37
2445 11 37
2446 11 37
2447 11 37
2448 11 37
2449 11 37
2450 11 37
2451 11 37
2452 11 37
2453 11 37
2454 11 37
2455 11 37
2456 11 37
2457 11 37
2458 11 37
2459 11 37
2460 11 37
2461 11 37
2462 11 37
2463 11 37
2464 11 37
2465 11 37
2466 11 37
2467 12 37
2468 12 37
2469 12 37
2470 12 37
2471 12 37
2472 12 37
2473 12 37
2474 12 37
2475 12 37
2476 12 37
2477 12 37
2478 12 37
2479 12 37
2480 12 37
2481 12 37
2482 12 37
2483 12 37
2484 12 37
2485 12 37
2486 12 37
2487 12 37
2488 12 37
2489 12 37
2490 12 37
2491 12 37
2492 12 37
2493 12 37
2494 12 37
2495 12 37
2496 12 37
2497 12 37
2498 12 37
2499 13 37
2500 13 37
2501 13 37
2502 13 37
2503 13 37
2504 13 37
2505 13 37
2506 13 37
2507 13 37
2508 13 37
2509 13 38
2510 13 38
2511 13 38
2512 13 38
2513 13 38
2514 13 38
2515 13 38
2516 13 38
2517 13 38
2518 13 38
2519 13 38
2520 13 38
2521 13 38
2522 13 38
2523 13 38
2524 13 38
2525 13 38
2526 13 38
2527 13 38
2528 13 38
2529 13 38
2530 13 38
2531 13 38
2532 14 38
2533 14 38
2534 14 38
2535 14 38
2536 14 38
2537 14 39
2538 14 39
2539 14 39
2540 14 39
2541 14 39
2542 14 39
2543 14 39
2544 14 39
2545 14 39
2546 14 39
2547 14 39
2548 14 39
2549 14 39
2550 14 39
2551 14 39
2552 14 39
2553 14 39
2554 14 39
2555 14 39
2556 14 39
2557 14 39
2558 14 39
2559 14 39
2560 14 39
2561 14 39
2562 14 39
2563 14 39
2564 14 39
2565 14 39
2566 14 39
2567 14 39
2568 14 39
2569 14 39
2570 14 39
2571 15 39
2572 15 39
2573 15 39
2574 15 39
2575 15 39
2576 15 39
2577 15 39
2578 15 39
2579 15 39
2580 15 39
2581 15 39
2582 15 39
2583 15 39
2584 15 39
2585 15 39
2586 15 39
2587 15 39
2588 15 39
2589 15 39
2590 15 39
2591 15 39
2592 15 39
2593 15 40
2594 15 40
2595 15 40
2596 16 40
2597 16 40
2598 16 40
2599 16 39
2600 16 39
2601 16 40
2602 16 39
2603 16 39
2604 16 40
2605 16 40
2606 16 40
2607 16 40
2608 16 40
2609 16 40
2610 16 39
2611 16 39
2612 16 39
2613 16 39
2614 16 39
2615 16 39
2616 16 39
2617 16 39
2618 16 39
2619 16 39
2620 16 39
2621 17 39
2622 17 39
2623 17 39
2624 17 39
2625 17 39
2626 17 39
2627 17 39
2628 17 39
2629 17 39
2630 17 39
2631 17 40
2632 17 40
2633 18 40
2634 18 40
2635 18 40
2636 18 40
2637 18 40
2638 18 40
2639 18 40
2640 18 40
2641 18 40
2642 18 40
2643 18 40
2644 18 40
2645 18 40
2646 18 40
2647 18 40
2648 19 40
2649 19 40
2650 19 40
2651 19 40
2652 19 40
2653 19 40
2654 19 40
2655 19 40
2656 19 40
2657 19 40
2658 19 40
2659 19 40
2660 19 41
2661 19 41
2662 19 41
2663 19 41
2664 19 41
2665 20 41
2666 20 41
2667 20 41
2668 20 41
2669 20 41
2670 20 41
2671 20 41
2672 20 41
2673 21 41
2674 21 41
2675 21 41
2676 21 41
2677 21 41
2678 21 41
2679 21 41
2680 22 41
2681 22 41
2682 22 41
2683 22 41
2684 22 41
2685 23 41
2686 23 41
2687 23 41
2688 23 42
2689 23 42
2690 23 42
2691 23 42
2692 23 42
2693 24 42
2694 24 42
2695 24 42
2696 24 42
2697 24 42
2698 24 42
2699 24 42
2700 24 42
2701 24 42
2702 24 42
2703 24 42
2704 24 42
2705 24 42
2706 25 42
2707 25 43
2708 25 43
2709 25 43
2710 25 43
2711 26 43
2712 26 43
2713 27 43
2714 27 43
2715 27 43
2716 27 43
2717 28 43
2718 28 43
2719 28 43
2720 28 43
2721 28 43
2722 29 43
2723 29 43
2724 29 43
2725 29 43
2726 29 43
2727 29 43
2728 29 43
2729 29 43
2730 30 43
2731 30 43
2732 31 43
2733 31 43
2734 32 43
2735 32 43
2736 33 43
2737 33 43
2738 33 43
2739 33 43
2740 34 43
2741 34 44
2742 34 44
2743 34 44
2744 34 44
2745 35 44
2746 35 44
2747 35 44
2748 35 44
2749 35 44
2750 35 44
2751 35 44
2752 35 44
2753 36 44
2754 36 44
2755 36 44
2756 37 44
2757 37 44
2758 38 44
2759 38 44
2760 38 44
2761 38 45
2762 39 45
2763 39 45
2764 40 45
2765 41 45
2766 42 45
2767 44 45
2768 44 45
2769 45 45
2770 47 45
2771 48 45
2772 48 45
2773 48 45
2774 50 45
2775 55 45
2776 56 45
2777 57 45
2778 61 45
2779 63 45
2780 65 45
2781 72 46
2782 84 46
2783 100 46
