0 0 0
1 0 0
2 0 0
3 0 0
4 0 0
5 0 0
6 0 0
7 0 0
8 0 0
9 0 0
10 0 0
11 0 0
12 0 0
13 0 0
14 0 0
15 0 0
16 0 0
17 0 0
18 0 0
19 0 0
20 0 0
21 0 0
22 0 0
23 0 0
24 0 0
25 0 0
26 0 0
27 0 0
28 0 0
29 0 0
30 0 0
31 0 0
32 0 0
33 0 0
34 0 0
35 0 0
36 0 0
37 0 0
38 0 0
39 0 0
40 0 0
41 0 0
42 0 0
43 0 0
44 0 0
45 0 0
46 0 0
47 0 0
48 0 0
49 0 0
50 0 0
51 0 0
52 0 0
53 0 0
54 0 0
55 0 0
56 0 0
57 0 0
58 0 0
59 0 0
60 0 0
61 0 0
62 0 0
63 0 0
64 0 0
65 0 0
66 0 0
67 0 0
68 0 0
69 0 0
70 0 0
71 0 0
72 0 0
73 0 0
74 0 0
75 0 0
76 0 0
77 0 0
78 0 0
79 0 0
80 0 0
81 0 0
82 0 0
83 0 0
84 0 0
85 0 0
86 0 0
87 0 0
88 0 0
89 0 0
90 0 0
91 0 0
92 0 0
93 0 0
94 0 0
95 0 0
96 0 0
97 0 0
98 0 0
99 0 0
100 0 50
101 0 50
102 0 50
103 0 50
104 0 50
105 0 50
106 0 50
107 0 50
108 0 66
109 0 66
110 0 66
111 0 66
112 0 66
113 0 66
114 0 66
115 0 50
116 0 50
117 0 50
118 0 50
119 0 50
120 0 40
121 0 40
122 0 40
123 0 40
124 0 40
125 0 40
126 0 40
127 0 40
128 0 40
129 0 40
130 0 40
131 0 40
132 0 40
133 0 40
134 0 40
135 0 40
136 0 40
137 0 40
138 0 40
139 0 40
140 0 50
141 0 42
142 0 42
143 0 42
144 0 50
145 0 50
146 0 50
147 0 50
148 0 50
149 0 50
150 0 50
151 0 50
152 0 50
153 0 50
154 0 50
155 0 50
156 0 50
157 0 50
158 0 50
159 0 50
160 0 50
161 0 50
162 0 50
163 0 55
164 0 55
165 0 55
166 0 55
167 0 55
168 0 55
169 0 55
170 0 55
171 0 55
172 0 55
173 0 55
174 0 55
175 0 55
176 0 55
177 0 55
178 0 55
179 0 55
180 0 55
181 0 50
182 0 50
183 0 50
184 0 50
185 0 50
186 0 45
187 0 45
188 0 45
189 0 45
190 0 45
191 0 45
192 0 45
193 0 45
194 0 45
195 0 45
196 0 45
197 0 45
198 0 45
199 0 45
200 0 45
201 0 45
202 0 45
203 0 45
204 0 45
205 0 45
206 0 41
207 0 41
208 0 41
209 0 41
210 0 41
211 0 41
212 0 41
213 0 41
214 0 41
215 0 41
216 0 41
217 0 41
218 0 41
219 0 41
220 0 41
221 0 41
222 0 41
223 0 46
224 0 46
225 0 46
226 0 46
227 0 46
228 0 42
229 0 42
230 0 42
231 0 42
232 0 42
233 0 42
234 0 42
235 0 46
236 0 46
237 0 46
238 0 46
239 0 46
240 0 46
241 0 46
242 0 46
243 0 46
244 0 46
245 0 46
246 0 46
247 0 50
248 0 50
249 0 50
250 0 52
251 0 52
252 0 52
253 0 52
254 0 52
255 0 52
256 0 52
257 0 52
258 0 55
259 0 55
260 0 55
261 0 55
262 0 55
263 0 55
264 0 55
265 0 57
266 0 55
267 0 55
268 0 55
269 0 55
270 0 55
271 0 55
272 0 55
273 0 55
274 0 55
275 0 55
276 0 55
277 0 55
278 0 57
279 0 57
280 0 59
281 0 59
282 0 59
283 0 59
284 0 56
285 0 56
286 0 56
287 0 56
288 0 56
289 0 56
290 0 56
291 0 56
292 0 56
293 0 56
294 0 56
295 0 58
296 0 58
297 0 58
298 0 58
299 0 60
300 0 60
301 0 61
302 0 59
303 0 59
304 0 59
305 0 59
306 0 59
307 0 60
308 0 60
309 0 60
310 0 60
311 0 60
312 0 60
313 0 62
314 0 62
315 0 62
316 0 62
317 0 62
318 0 62
319 0 62
320 0 62
321 0 62
322 0 62
323 0 62
324 0 62
325 0 60
326 0 60
327 0 60
328 0 61
329 0 61
330 0 61
331 0 61
332 0 61
333 0 61
334 0 61
335 0 61
336 0 59
337 0 59
338 0 59
339 0 59
340 0 59
341 0 59
342 0 59
343 0 59
344 0 59
345 0 59
346 0 59
347 0 60
348 0 60
349 0 58
350 0 58
351 0 57
352 0 55
353 0 54
354 0 55
355 0 55
356 0 55
357 0 55
358 0 55
359 0 55
360 0 55
361 0 55
362 0 55
363 0 55
364 0 55
365 0 56
366 0 55
367 0 56
368 0 54
369 0 55
370 0 55
371 0 55
372 0 55
373 0 55
374 0 55
375 0 55
376 0 55
377 0 55
378 0 55
379 0 55
380 0 55
381 0 55
382 0 55
383 0 54
384 0 54
385 0 54
386 0 54
387 0 54
388 0 54
389 0 54
390 0 54
391 0 54
392 0 54
393 0 54
394 0 54
395 0 54
396 0 54
397 0 54
398 0 54
399 0 54
400 0 53
401 0 53
402 0 53
403 0 53
404 0 52
405 0 52
406 0 52
407 0 52
408 0 52
409 0 52
410 0 52
411 0 52
412 0 52
413 0 52
414 0 52
415 0 52
416 0 51
417 0 51
418 0 50
419 0 50
420 0 48
421 0 48
422 0 48
423 0 48
424 0 48
425 0 48
426 0 48
427 0 48
428 0 48
429 0 48
430 0 47
431 0 47
432 0 47
433 0 46
434 0 46
435 0 46
436 0 45
437 0 45
438 0 45
439 0 44
440 0 44
441 0 44
442 0 45
443 0 45
444 0 45
445 0 45
446 0 45
447 0 46
448 0 46
449 0 46
450 0 45
451 0 45
452 0 45
453 0 45
454 0 45
455 0 45
456 0 45
457 0 45
458 0 45
459 0 45
460 0 45
461 0 45
462 0 45
463 0 44
464 0 44
465 0 44
466 0 44
467 0 44
468 0 44
469 0 44
470 0 44
471 0 44
472 0 44
473 0 44
474 0 44
475 0 44
476 0 44
477 0 44
478 0 44
479 0 43
480 0 43
481 0 43
482 0 43
483 0 43
484 0 43
485 0 43
486 0 43
487 0 43
488 0 43
489 0 43
490 0 43
491 0 43
492 0 43
493 0 43
494 0 43
495 0 43
496 0 43
497 0 42
498 0 42
499 0 41
500 0 41
501 0 41
502 0 41
503 0 41
504 0 41
505 0 41
506 0 41
507 0 41
508 0 41
509 0 42
510 0 42
511 0 42
512 0 42
513 0 42
514 0 42
515 0 41
516 0 41
517 0 40
518 0 40
519 0 40
520 0 40
521 0 40
522 0 40
523 0 40
524 0 40
525 0 40
526 0 40
527 0 40
528 0 40
529 0 40
530 0 40
531 0 40
532 0 40
533 0 40
534 0 40
535 0 39
536 0 39
537 0 39
538 0 39
539 0 39
540 0 39
541 0 39
542 0 39
543 0 39
544 0 39
545 0 38
546 0 38
547 0 38
548 0 38
549 0 38
550 0 38
551 0 38
552 0 38
553 0 38
554 0 38
555 0 38
556 0 38
557 0 38
558 0 38
559 0 38
560 0 38
561 0 39
562 0 39
563 0 39
564 0 39
565 0 39
566 0 39
567 0 39
568 0 39
569 0 39
570 0 39
571 0 39
572 0 39
573 0 39
574 0 40
575 0 40
576 0 40
577 0 40
578 0 40
579 0 40
580 0 40
581 0 40
582 0 40
583 0 40
584 0 40
585 0 40
586 0 39
587 0 39
588 0 39
589 0 39
590 0 38
591 0 38
592 0 38
593 0 38
594 0 38
595 0 38
596 0 38
597 0 38
598 0 38
599 0 38
600 0 38
601 0 38
602 0 38
603 0 38
604 0 38
605 0 38
606 0 38
607 0 38
608 0 38
609 0 38
610 0 38
611 0 38
612 0 38
613 0 38
614 0 38
615 0 38
616 0 38
617 0 38
618 0 38
619 0 38
620 0 38
621 0 38
622 0 38
623 0 38
624 0 38
625 0 38
626 0 38
627 0 38
628 0 37
629 0 37
630 0 37
631 0 37
632 0 37
633 0 37
634 0 37
635 0 37
636 0 37
637 0 37
638 0 38
639 0 38
640 0 37
641 0 37
642 0 37
643 0 37
644 0 37
645 0 37
646 0 37
647 0 37
648 0 37
649 0 37
650 0 37
651 0 37
652 0 37
653 0 37
654 0 37
655 0 37
656 0 37
657 0 37
658 0 37
659 0 37
660 0 37
661 0 37
662 0 37
663 0 37
664 0 37
665 0 37
666 0 37
667 0 37
668 0 37
669 0 37
670 0 36
671 0 36
672 0 36
673 0 36
674 0 36
675 0 36
676 0 36
677 0 36
678 0 36
679 0 36
680 0 36
681 0 36
682 0 36
683 0 36
684 0 36
685 0 36
686 0 36
687 1 36
688 1 35
689 1 35
690 1 35
691 1 35
692 1 35
693 1 35
694 1 35
695 1 35
696 1 35
697 1 35
698 1 35
699 1 35
700 1 35
701 1 35
702 1 35
703 1 34
704 1 34
705 1 34
706 1 34
707 1 34
708 1 34
709 1 34
710 1 34
711 1 34
712 1 34
713 1 34
714 1 33
715 1 33
716 1 33
717 1 33
718 1 32
719 1 32
720 1 32
721 1 32
722 1 32
723 1 32
724 1 32
725 1 32
726 1 32
727 1 32
728 1 32
729 1 32
730 1 32
731 1 32
732 1 32
733 1 32
734 1 32
735 1 32
736 1 32
737 1 32
738 1 32
739 1 32
740 1 32
741 1 32
742 1 32
743 1 32
744 1 32
745 1 32
746 1 32
747 1 32
748 1 32
749 1 32
750 1 32
751 1 33
752 1 33
753 1 33
754 1 33
755 1 33
756 1 33
757 1 33
758 1 33
759 1 33
760 1 33
761 1 33
762 1 33
763 1 33
764 1 33
765 1 32
766 1 32
767 1 32
768 1 32
769 1 32
770 1 32
771 1 32
772 1 32
773 1 32
774 1 32
775 1 32
776 1 32
777 1 32
778 1 32
779 1 32
780 1 32
781 1 32
782 1 32
783 1 32
784 1 32
785 1 32
786 1 31
787 1 31
788 1 31
789 1 31
790 1 31
791 1 31
792 1 31
793 1 31
794 1 31
795 1 31
796 1 31
797 1 31
798 1 31
799 1 31
800 1 31
801 1 31
802 1 31
803 1 30
804 1 30
805 1 30
806 1 30
807 1 30
808 1 30
809 1 30
810 1 30
811 1 30
812 1 30
813 1 30
814 1 30
815 1 30
816 1 30
817 1 30
818 1 30
819 1 30
820 1 30
821 1 30
822 1 30
823 1 30
824 1 29
825 1 29
826 1 29
827 1 29
828 1 29
829 1 29
830 1 29
831 1 29
832 1 29
833 1 29
834 1 29
835 1 29
836 1 29
837 1 29
838 1 29
839 1 29
840 1 28
841 1 28
842 1 28
843 1 28
844 1 28
845 1 28
846 1 28
847 1 28
848 1 28
849 1 28
850 1 28
851 1 28
852 1 28
853 1 28
854 1 28
855 1 27
856 1 27
857 1 27
858 1 27
859 1 27
860 1 27
861 1 27
862 1 27
863 1 27
864 1 28
865 1 28
866 1 28
867 1 28
868 1 28
869 1 28
870 1 28
871 1 28
872 1 28
873 1 28
874 1 28
875 1 28
876 1 27
877 1 27
878 1 27
879 1 27
880 1 27
881 1 27
882 1 27
883 1 27
884 1 27
885 1 27
886 1 27
887 1 27
888 1 28
889 1 28
890 1 28
891 1 28
892 1 28
893 1 28
894 1 28
895 1 28
896 1 28
897 1 28
898 1 28
899 1 28
900 1 27
901 1 27
902 1 27
903 1 27
904 1 27
905 1 27
906 1 27
907 1 27
908 1 27
909 1 27
910 1 27
911 1 27
912 1 27
913 1 27
914 1 27
915 1 27
916 1 27
917 1 27
918 1 27
919 1 27
920 1 27
921 1 27
922 1 27
923 1 27
924 1 27
925 1 27
926 1 26
927 1 26
928 1 26
929 1 26
930 1 26
931 1 26
932 1 26
933 1 26
934 1 26
935 1 26
936 1 26
937 1 26
938 1 26
939 1 26
940 1 26
941 1 26
942 1 26
943 1 26
944 1 26
945 1 26
946 1 26
947 1 26
948 1 26
949 1 26
950 1 26
951 1 26
952 1 26
953 1 26
954 1 26
955 1 26
956 1 26
957 1 26
958 1 26
959 1 26
960 1 26
961 1 26
962 1 26
963 1 26
964 1 26
965 1 26
966 1 26
967 1 26
968 1 26
969 1 26
970 1 26
971 1 26
972 1 26
973 1 26
974 1 26
975 1 26
976 1 26
977 1 26
978 1 26
979 1 26
980 1 26
981 1 26
982 1 26
983 1 26
984 1 26
985 1 26
986 1 26
987 1 26
988 1 26
989 1 26
990 1 25
991 1 25
992 1 25
993 1 25
994 1 25
995 1 25
996 1 25
997 1 25
998 1 25
999 1 25
1000 1 25
1001 1 25
1002 1 25
1003 1 25
1004 1 25
1005 1 25
1006 1 25
1007 1 25
1008 1 25
1009 1 25
1010 1 25
1011 1 25
1012 1 25
1013 1 25
1014 1 25
1015 1 25
1016 1 25
1017 1 25
1018 1 25
1019 1 25
1020 1 25
1021 1 25
1022 1 25
1023 1 25
1024 1 25
1025 1 25
1026 1 25
1027 1 25
1028 1 25
1029 1 25
1030 1 25
1031 1 25
1032 1 25
1033 1 25
1034 1 25
1035 1 25
1036 1 25
1037 1 25
1038 1 25
1039 1 25
1040 1 25
1041 1 24
1042 1 24
1043 1 24
1044 1 24
1045 1 24
1046 1 24
1047 1 24
1048 1 24
1049 1 24
1050 1 24
1051 1 24
1052 1 24
1053 1 25
1054 1 25
1055 1 25
1056 1 25
1057 1 25
1058 1 25
1059 1 25
1060 1 25
1061 1 25
1062 1 25
1063 1 25
1064 1 25
1065 1 25
1066 1 25
1067 1 25
1068 1 25
1069 1 25
1070 1 25
1071 1 25
1072 1 25
1073 1 25
1074 1 25
1075 1 25
1076 1 25
1077 1 25
1078 1 25
1079 1 25
1080 1 25
1081 1 25
1082 1 25
1083 1 25
1084 1 25
1085 1 25
1086 1 25
1087 1 25
1088 1 25
1089 1 25
1090 1 25
1091 1 25
1092 1 25
1093 1 25
1094 1 25
1095 1 25
1096 1 25
1097 1 25
1098 1 25
1099 1 25
1100 1 25
1101 1 25
1102 1 25
1103 1 25
1104 1 25
1105 1 24
1106 1 24
1107 1 24
1108 1 24
1109 1 24
1110 1 24
1111 1 24
1112 1 24
1113 1 24
1114 1 24
1115 1 24
1116 1 24
1117 1 24
1118 1 24
1119 1 24
1120 1 24
1121 1 24
1122 1 24
1123 1 24
1124 1 24
1125 1 24
1126 1 24
1127 1 24
1128 1 24
1129 1 24
1130 1 24
1131 1 24
1132 1 24
1133 1 25
1134 1 25
1135 1 25
1136 1 25
1137 1 25
1138 1 25
1139 2 24
1140 2 24
1141 2 24
1142 2 24
1143 2 24
1144 2 24
1145 2 24
1146 2 24
1147 2 24
1148 2 24
1149 2 24
1150 2 24
1151 2 24
1152 2 24
1153 2 24
1154 2 24
1155 2 24
1156 2 24
1157 2 24
1158 2 24
1159 2 24
1160 2 24
1161 2 24
1162 2 24
1163 2 24
1164 2 24
1165 2 24
1166 2 24
1167 2 24
1168 2 24
1169 2 24
1170 2 24
1171 2 24
1172 2 24
1173 2 24
1174 2 24
1175 2 24
1176 2 24
1177 2 24
1178 2 24
1179 2 24
1180 2 24
1181 2 24
1182 2 24
1183 2 24
1184 2 24
1185 2 23
1186 2 23
1187 2 23
1188 2 23
1189 2 23
1190 2 23
1191 2 23
1192 2 23
1193 2 23
1194 2 23
1195 2 23
1196 2 23
1197 2 23
1198 2 23
1199 2 23
1200 2 23
1201 2 23
1202 2 23
1203 2 23
1204 2 23
1205 2 23
1206 2 23
1207 2 23
1208 2 23
1209 2 23
1210 2 23
1211 2 23
1212 2 23
1213 2 24
1214 2 24
1215 2 24
1216 2 24
1217 2 24
1218 2 24
1219 2 24
1220 2 24
1221 2 24
1222 2 24
1223 2 24
1224 2 24
1225 2 24
1226 2 24
1227 2 24
1228 2 24
1229 2 24
1230 2 24
1231 2 24
1232 2 24
1233 2 24
1234 2 24
1235 2 24
1236 2 24
1237 2 24
1238 2 24
1239 2 24
1240 2 24
1241 2 24
1242 2 24
1243 2 24
1244 2 24
1245 2 24
1246 2 24
1247 2 24
1248 2 24
1249 2 24
1250 2 24
1251 2 24
1252 2 24
1253 2 24
1254 2 24
1255 2 24
1256 2 24
1257 2 24
1258 2 24
1259 2 24
1260 2 24
1261 2 24
1262 2 24
1263 2 25
1264 2 25
1265 2 25
1266 2 25
1267 2 25
1268 2 25
1269 2 25
1270 2 25
1271 2 25
1272 2 25
1273 2 25
1274 2 25
1275 2 25
1276 2 25
1277 2 25
1278 2 25
1279 2 25
1280 2 25
1281 2 25
1282 2 25
1283 2 25
1284 2 25
1285 2 25
1286 2 25
1287 2 25
1288 2 25
1289 2 25
1290 2 25
1291 2 25
1292 2 25
1293 2 25
1294 2 25
1295 2 25
1296 2 25
1297 2 25
1298 2 25
1299 2 25
1300 2 25
1301 2 25
1302 2 25
1303 2 25
1304 2 25
1305 2 25
1306 2 25
1307 2 25
1308 2 25
1309 2 25
1310 2 25
1311 2 25
1312 2 25
1313 2 25
1314 2 25
1315 2 25
1316 2 25
1317 2 24
1318 2 24
1319 2 24
1320 2 24
1321 2 24
1322 2 25
1323 2 25
1324 2 25
1325 2 25
1326 2 25
1327 2 25
1328 2 25
1329 2 25
1330 2 25
1331 2 25
1332 2 24
1333 2 24
1334 2 24
1335 2 24
1336 2 24
1337 2 24
1338 2 24
1339 2 24
1340 2 24
1341 2 24
1342 2 24
1343 2 24
1344 2 24
1345 2 24
1346 2 24
1347 2 24
1348 2 24
1349 2 24
1350 2 24
1351 2 24
1352 2 24
1353 2 24
1354 2 24
1355 2 24
1356 2 24
1357 2 24
1358 2 25
1359 2 25
1360 2 25
1361 2 25
1362 2 25
1363 2 25
1364 2 25
1365 2 25
1366 2 25
1367 2 25
1368 2 25
1369 2 25
1370 2 25
1371 2 25
1372 2 25
1373 2 25
1374 2 25
1375 2 25
1376 2 25
1377 2 25
1378 2 25
1379 2 25
1380 2 25
1381 2 25
1382 2 25
1383 2 25
1384 2 25
1385 2 25
1386 2 25
1387 2 25
1388 2 25
1389 2 25
1390 2 25
1391 2 25
1392 2 25
1393 2 25
1394 2 25
1395 2 25
1396 2 25
1397 2 25
1398 2 25
1399 2 25
1400 2 25
1401 2 25
1402 2 25
1403 2 25
1404 2 25
1405 2 25
1406 2 25
1407 2 25
1408 2 25
1409 2 24
1410 2 24
1411 2 24
1412 2 24
1413 2 24
1414 2 24
1415 2 24
1416 2 24
1417 2 24
1418 2 24
1419 2 24
1420 2 24
1421 2 24
1422 2 24
1423 2 24
1424 2 24
1425 2 24
1426 2 24
1427 2 24
1428 2 24
1429 2 24
1430 2 24
1431 2 24
1432 2 24
1433 2 24
1434 2 24
1435 2 24
1436 2 24
1437 2 24
1438 2 24
1439 2 24
1440 2 24
1441 2 24
1442 2 24
1443 2 24
1444 2 24
1445 2 24
1446 2 24
1447 2 24
1448 2 24
1449 2 24
1450 2 24
1451 2 24
1452 2 24
1453 2 24
1454 2 24
1455 2 24
1456 2 24
1457 2 24
1458 2 24
1459 2 24
1460 2 24
1461 2 24
1462 2 24
1463 2 24
1464 2 24
1465 3 24
1466 3 24
1467 3 24
1468 3 24
1469 3 24
1470 3 24
1471 3 24
1472 3 24
1473 3 24
1474 3 24
1475 3 24
1476 3 24
1477 3 24
1478 3 24
1479 3 24
1480 3 24
1481 3 24
1482 3 24
1483 3 24
1484 3 24
1485 3 24
1486 3 24
1487 3 24
1488 3 24
1489 3 24
1490 3 23
1491 3 23
1492 3 23
1493 3 23
1494 3 23
1495 3 23
1496 3 23
1497 3 23
1498 3 23
1499 3 23
1500 3 23
1501 3 23
1502 3 23
1503 3 23
1504 3 23
1505 3 23
1506 3 23
1507 3 23
1508 3 23
1509 3 23
1510 3 23
1511 3 23
1512 3 23
1513 3 23
1514 3 23
1515 3 23
1516 3 23
1517 3 23
1518 3 23
1519 3 23
1520 3 23
1521 3 23
1522 3 22
1523 3 22
1524 3 22
1525 3 22
1526 3 22
1527 3 22
1528 3 22
1529 3 22
1530 3 22
1531 3 22
1532 3 22
1533 3 22
1534 3 22
1535 3 22
1536 3 22
1537 3 22
1538 3 22
1539 3 22
1540 3 22
1541 3 22
1542 3 22
1543 3 22
1544 3 22
1545 3 22
1546 3 22
1547 3 22
1548 3 22
1549 3 22
1550 3 22
1551 3 22
1552 3 22
1553 3 22
1554 3 22
1555 3 22
1556 3 22
1557 3 22
1558 3 22
1559 3 22
1560 3 22
1561 3 22
1562 3 22
1563 3 22
1564 3 22
1565 3 22
1566 3 22
1567 3 22
1568 3 22
1569 3 22
1570 3 22
1571 3 23
1572 3 23
1573 3 23
1574 3 22
1575 3 22
1576 3 22
1577 3 22
1578 3 22
1579 3 22
1580 3 22
1581 3 22
1582 3 22
1583 3 23
1584 3 23
1585 3 23
1586 3 23
1587 3 23
1588 3 23
1589 3 23
1590 3 23
1591 3 23
1592 3 23
1593 3 23
1594 3 23
1595 3 23
1596 3 23
1597 3 23
1598 3 23
1599 3 23
1600 3 23
1601 3 23
1602 3 23
1603 3 23
1604 3 23
1605 3 23
1606 3 23
1607 3 23
1608 3 23
1609 3 23
1610 3 23
1611 3 23
1612 3 23
1613 3 24
1614 3 24
1615 3 24
1616 3 24
1617 3 24
1618 3 24
1619 3 24
1620 3 24
1621 3 24
1622 3 24
1623 3 24
1624 3 24
1625 3 24
1626 3 24
1627 3 24
1628 3 24
1629 3 24
1630 3 24
1631 3 24
1632 3 24
1633 3 24
1634 3 24
1635 3 24
1636 3 24
1637 3 24
1638 3 24
1639 3 24
1640 3 24
1641 3 24
1642 3 24
1643 3 24
1644 3 24
1645 3 24
1646 3 24
1647 3 24
1648 3 24
1649 3 24
1650 3 24
1651 3 24
1652 3 24
1653 3 24
1654 3 24
1655 3 24
1656 3 24
1657 3 24
1658 3 24
1659 3 24
1660 3 24
1661 3 24
1662 3 24
1663 3 24
1664 3 24
1665 3 24
1666 3 24
1667 3 24
1668 3 24
1669 3 24
1670 3 24
1671 3 24
1672 3 24
1673 3 24
1674 4 24
1675 4 24
1676 4 24
1677 4 24
1678 4 24
1679 4 24
1680 4 24
1681 4 24
1682 4 24
1683 4 24
1684 4 24
1685 4 24
1686 4 24
1687 4 24
1688 4 24
1689 4 24
1690 4 24
1691 4 24
1692 4 24
1693 4 24
1694 4 24
1695 4 24
1696 4 24
1697 4 24
1698 4 24
1699 4 24
1700 4 24
1701 4 24
1702 4 24
1703 4 24
1704 4 24
1705 4 24
1706 4 24
1707 4 24
1708 4 24
1709 4 24
1710 4 24
1711 4 24
1712 4 24
1713 4 24
1714 4 24
1715 4 24
1716 4 24
1717 4 24
1718 4 24
1719 4 24
1720 4 24
1721 4 24
1722 4 24
1723 4 24
1724 4 24
1725 4 24
1726 4 24
1727 4 24
1728 4 24
1729 4 24
1730 4 24
1731 4 24
1732 4 24
1733 4 24
1734 4 24
1735 4 24
1736 4 24
1737 4 24
1738 4 24
1739 4 24
1740 4 24
1741 4 24
1742 4 24
1743 4 24
1744 4 24
1745 4 24
1746 4 24
1747 4 24
1748 4 24
1749 4 24
1750 4 24
1751 4 25
1752 4 25
1753 4 25
1754 4 25
1755 4 25
1756 4 25
1757 4 25
1758 4 25
1759 4 25
1760 4 25
1761 4 25
1762 4 25
1763 4 25
1764 4 25
1765 4 25
1766 4 25
1767 4 25
1768 4 25
1769 4 25
1770 4 25
1771 4 25
1772 4 25
1773 4 25
1774 4 25
1775 4 25
1776 4 25
1777 4 25
1778 4 25
1779 4 25
1780 4 25
1781 4 25
1782 4 25
1783 4 25
1784 4 25
1785 4 25
1786 4 25
1787 4 25
1788 4 25
1789 4 25
1790 4 25
1791 4 25
1792 4 25
1793 4 25
1794 4 25
1795 4 25
1796 4 25
1797 4 25
1798 4 25
1799 4 25
1800 4 25
1801 4 25
1802 4 25
1803 4 25
1804 4 25
1805 4 25
1806 4 25
1807 4 25
1808 4 25
1809 4 25
1810 4 25
1811 4 25
1812 4 25
1813 4 25
1814 4 25
1815 4 25
1816 4 25
1817 4 25
1818 4 25
1819 4 25
1820 4 25
1821 4 25
1822 4 25
1823 4 25
1824 4 25
1825 4 25
1826 4 25
1827 4 25
1828 4 25
1829 4 25
1830 4 25
1831 4 25
1832 4 25
1833 4 25
1834 4 25
1835 4 25
1836 4 25
1837 4 25
1838 4 25
1839 4 25
1840 4 25
1841 4 25
1842 4 25
1843 4 25
1844 4 25
1845 4 25
1846 4 25
1847 4 25
1848 4 25
1849 4 25
1850 5 25
1851 5 25
1852 5 25
1853 5 25
1854 5 25
1855 5 25
1856 5 25
1857 5 25
1858 5 25
1859 5 25
1860 5 25
1861 5 25
1862 5 25
1863 5 25
1864 5 25
1865 5 25
1866 5 25
1867 5 26
1868 5 26
1869 5 26
1870 5 26
1871 5 26
1872 5 26
1873 5 26
1874 5 26
1875 5 26
1876 5 26
1877 5 26
1878 5 26
1879 5 26
1880 5 26
1881 5 26
1882 5 26
1883 5 26
1884 5 26
1885 5 26
1886 5 26
1887 5 26
1888 5 26
1889 5 26
1890 5 26
1891 5 26
1892 5 26
1893 5 26
1894 5 26
1895 5 26
1896 5 26
1897 5 26
1898 5 26
1899 5 26
1900 5 26
1901 5 26
1902 5 26
1903 5 26
1904 5 26
1905 5 26
1906 5 26
1907 5 26
1908 5 26
1909 5 26
1910 5 26
1911 5 26
1912 5 26
1913 5 26
1914 5 26
1915 5 26
1916 5 26
1917 5 26
1918 5 26
1919 5 26
1920 5 26
1921 5 26
1922 5 26
1923 5 26
1924 5 26
1925 5 26
1926 5 26
1927 5 26
1928 5 26
1929 5 26
1930 5 26
1931 5 26
1932 5 26
1933 5 26
1934 5 26
1935 5 26
1936 5 26
1937 5 27
1938 5 26
1939 5 26
1940 5 26
1941 5 26
1942 5 26
1943 5 26
1944 5 26
1945 5 26
1946 5 26
1947 5 27
1948 5 27
1949 5 27
1950 5 27
1951 5 27
1952 5 27
1953 5 27
1954 5 27
1955 5 27
1956 5 27
1957 5 27
1958 5 27
1959 5 27
1960 5 27
1961 5 27
1962 5 27
1963 5 27
1964 5 27
1965 5 27
1966 5 27
1967 5 27
1968 5 27
1969 5 27
1970 5 27
1971 5 27
1972 5 27
1973 5 27
1974 5 27
1975 5 27
1976 5 27
1977 5 27
1978 5 27
1979 5 27
1980 5 27
1981 5 27
1982 5 27
1983 5 27
1984 5 28
1985 5 28
1986 5 28
1987 5 28
1988 5 28
1989 5 27
1990 5 27
1991 5 27
1992 5 28
1993 5 28
1994 5 28
1995 5 28
1996 5 28
1997 5 28
1998 6 28
1999 6 28
2000 6 28
2001 6 28
2002 6 28
2003 6 28
2004 6 28
2005 6 28
2006 6 28
2007 6 28
2008 6 28
2009 6 28
2010 6 28
2011 6 28
2012 6 28
2013 6 28
2014 6 28
2015 6 28
2016 6 28
2017 6 28
2018 6 28
2019 6 28
2020 6 28
2021 6 28
2022 6 28
2023 6 28
2024 6 28
2025 6 28
2026 6 28
2027 6 28
2028 6 28
2029 6 28
2030 6 28
2031 6 28
2032 6 28
2033 6 28
2034 6 28
2035 6 28
2036 6 28
2037 6 28
2038 6 28
2039 6 28
2040 6 28
2041 6 28
2042 6 28
2043 6 28
2044 6 28
2045 6 28
2046 6 28
2047 6 28
2048 6 28
2049 6 28
2050 6 28
2051 6 28
2052 6 28
2053 6 28
2054 6 28
2055 6 28
2056 6 28
2057 6 28
2058 6 28
2059 6 28
2060 6 28
2061 6 28
2062 6 29
2063 6 29
2064 6 29
2065 6 29
2066 6 29
2067 6 29
2068 6 29
2069 6 29
2070 6 29
2071 6 29
2072 6 29
2073 6 29
2074 6 29
2075 6 29
2076 6 29
2077 6 29
2078 6 29
2079 6 29
2080 6 29
2081 6 29
2082 6 29
2083 6 29
2084 6 29
2085 6 29
2086 6 29
2087 6 29
2088 6 29
2089 6 29
2090 6 29
2091 6 29
2092 6 29
2093 6 29
2094 6 29
2095 6 29
2096 6 29
2097 6 29
2098 6 29
2099 6 29
2100 6 29
2101 6 29
2102 6 29
2103 6 29
2104 6 29
2105 6 29
2106 6 29
2107 6 29
2108 6 29
2109 6 29
2110 6 29
2111 6 29
2112 6 29
2113 6 29
2114 6 29
2115 6 29
2116 6 29
2117 6 29
2118 7 29
2119 7 29
2120 7 29
2121 7 29
2122 7 29
2123 7 29
2124 7 29
2125 7 29
2126 7 29
2127 7 29
2128 7 29
2129 7 29
2130 7 30
2131 7 30
2132 7 30
2133 7 30
2134 7 30
2135 7 30
2136 7 30
2137 7 30
2138 7 30
2139 7 30
2140 7 30
2141 7 30
2142 7 30
2143 7 30
2144 7 30
2145 7 30
2146 7 30
2147 7 30
2148 7 30
2149 7 30
2150 7 30
2151 7 30
2152 7 30
2153 7 30
2154 7 30
2155 7 30
2156 7 30
2157 7 30
2158 7 30
2159 7 30
2160 7 31
2161 7 31
2162 7 31
2163 7 31
2164 7 31
2165 7 31
2166 7 31
2167 7 31
2168 7 31
2169 7 31
2170 7 31
2171 7 31
2172 7 31
2173 7 31
2174 7 31
2175 7 31
2176 7 31
2177 7 31
2178 7 31
2179 7 31
2180 7 32
2181 7 32
2182 7 32
2183 7 32
2184 7 32
2185 7 32
2186 7 32
2187 7 32
2188 7 32
2189 7 32
2190 7 32
2191 7 32
2192 7 32
2193 7 32
2194 7 32
2195 7 32
2196 7 32
2197 7 32
2198 7 32
2199 7 32
2200 7 32
2201 7 32
2202 7 32
2203 7 32
2204 7 32
2205 7 32
2206 7 32
2207 7 32
2208 8 32
2209 8 31
2210 8 31
2211 8 31
2212 8 31
2213 8 32
2214 8 32
2215 8 32
2216 8 31
2217 8 31
2218 8 31
2219 8 31
2220 8 31
2221 8 31
2222 8 31
2223 8 31
2224 8 31
2225 8 31
2226 8 31
2227 8 31
2228 8 31
2229 8 31
2230 8 31
2231 8 31
2232 8 31
2233 8 31
2234 8 32
2235 8 32
2236 8 32
2237 8 32
2238 8 32
2239 8 31
2240 8 31
2241 8 31
2242 8 31
2243 8 31
2244 8 31
2245 8 32
2246 8 32
2247 8 32
2248 8 32
2249 8 32
2250 8 32
2251 8 32
2252 8 32
2253 8 32
2254 8 32
2255 8 32
2256 8 32
2257 8 32
2258 8 32
2259 8 32
2260 8 32
2261 8 32
2262 8 32
2263 8 32
2264 8 32
2265 8 32
2266 8 32
2267 8 32
2268 8 32
2269 8 32
2270 8 32
2271 8 32
2272 8 32
2273 8 32
2274 8 32
2275 9 32
2276 9 32
2277 9 32
2278 9 32
2279 9 32
2280 9 32
2281 9 32
2282 9 32
2283 9 32
2284 9 32
2285 9 32
2286 9 32
2287 9 32
2288 9 32
2289 9 32
2290 9 32
2291 9 32
2292 9 32
2293 9 32
2294 9 32
2295 9 32
2296 9 32
2297 9 32
2298 9 32
2299 9 32
2300 9 32
2301 9 32
2302 9 32
2303 9 32
2304 9 32
2305 9 32
2306 9 32
2307 9 32
2308 9 32
2309 9 32
2310 9 32
2311 9 32
2312 9 32
2313 9 32
2314 9 32
2315 9 32
2316 9 32
2317 9 32
2318 9 32
2319 9 32
2320 9 32
2321 9 32
2322 9 32
2323 9 32
2324 9 32
2325 9 32
2326 9 32
2327 9 32
2328 9 32
2329 9 32
2330 9 32
2331 9 32
2332 9 32
2333 9 32
2334 9 32
2335 9 32
2336 9 32
2337 9 32
2338 9 32
2339 9 31
2340 10 31
2341 10 31
2342 10 31
2343 10 31
2344 10 31
2345 10 31
2346 10 31
2347 10 32
2348 10 32
2349 10 31
2350 10 31
2351 10 31
2352 10 32
2353 10 32
2354 10 32
2355 10 32
2356 10 32
2357 10 32
2358 10 32
2359 10 32
2360 10 32
2361 10 32
2362 10 32
2363 10 32
2364 10 32
2365 10 32
2366 10 32
2367 10 32
2368 10 32
2369 10 32
2370 10 32
2371 10 32
2372 10 32
2373 10 32
2374 10 32
2375 10 32
2376 10 32
2377 10 32
2378 10 32
2379 10 32
2380 10 32
2381 10 32
2382 10 32
2383 10 32
2384 10 32
2385 10 32
2386 10 32
2387 10 32
2388 10 32
2389 10 32
2390 10 32
2391 10 32
2392 10 32
2393 10 32
2394 10 32
2395 10 32
2396 10 32
2397 10 32
2398 10 32
2399 10 32
2400 10 32
2401 10 33
2402 10 33
2403 10 33
2404 10 33
2405 10 33
2406 10 33
2407 10 33
2408 10 33
2409 10 33
2410 11 33
2411 11 33
2412 11 33
2413 11 33
2414 11 33
2415 11 33
2416 11 33
2417 11 33
2418 11 33
2419 11 33
2420 11 33
2421 11 33
2422 11 33
2423 11 33
2424 11 33
2425 11 33
2426 11 33
2427 11 33
2428 11 33
2429 11 33
2430 11 33
2431 11 33
2432 11 33
2433 11 33
2434 11 33
2435 11 33
2436 11 33
2437 11 33
2438 11 33
2439 11 33
2440 11 33
2441 11 33
2442 11 33
2443 11 33
2444 11 33
2445 11 33
2446 11 33
2447 11 33
2448 11 34
2449 11 34
2450 11 34
2451 11 34
2452 11 34
2453 11 34
2454 11 34
2455 11 34
2456 11 34
2457 11 34
2458 11 34
2459 11 34
2460 11 34
2461 11 34
2462 11 34
2463 11 34
2464 11 34
2465 11 34
2466 11 34
2467 12 34
2468 12 34
2469 12 34
2470 12 34
2471 12 34
2472 12 34
2473 12 33
2474 12 33
2475 12 33
2476 12 33
2477 12 33
2478 12 33
2479 12 33
2480 12 33
2481 12 33
2482 12 33
2483 12 33
2484 12 33
2485 12 33
2486 12 33
2487 12 33
2488 12 33
2489 12 33
2490 12 33
2491 12 33
2492 12 33
2493 12 33
2494 12 33
2495 12 33
2496 12 33
2497 12 33
2498 12 33
2499 13 33
2500 13 33
2501 13 33
2502 13 33
2503 13 33
2504 13 33
2505 13 33
2506 13 33
2507 13 33
2508 13 33
2509 13 33
2510 13 33
2511 13 33
2512 13 33
2513 13 33
2514 13 33
2515 13 33
2516 13 33
2517 13 33
2518 13 33
2519 13 33
2520 13 34
2521 13 34
2522 13 33
2523 13 33
2524 13 33
2525 13 33
2526 13 33
2527 13 33
2528 13 33
2529 13 33
2530 13 33
2531 13 33
2532 14 33
2533 14 33
2534 14 33
2535 14 33
2536 14 33
2537 14 34
2538 14 34
2539 14 34
2540 14 33
2541 14 33
2542 14 33
2543 14 33
2544 14 33
2545 14 33
2546 14 33
2547 14 33
2548 14 33
2549 14 33
2550 14 33
2551 14 33
2552 14 33
2553 14 33
2554 14 33
2555 14 33
2556 14 33
2557 14 33
2558 14 33
2559 14 33
2560 14 33
2561 14 33
2562 14 33
2563 14 33
2564 14 33
2565 14 33
2566 14 33
2567 14 33
2568 14 33
2569 14 33
2570 14 33
2571 15 33
2572 15 33
2573 15 33
2574 15 33
2575 15 33
2576 15 33
2577 15 33
2578 15 33
2579 15 33
2580 15 33
2581 15 33
2582 15 33
2583 15 33
2584 15 33
2585 15 33
2586 15 33
2587 15 33
2588 15 33
2589 15 34
2590 15 33
2591 15 33
2592 15 33
2593 15 34
2594 15 34
2595 15 34
2596 16 34
2597 16 34
2598 16 34
2599 16 34
2600 16 34
2601 16 33
2602 16 34
2603 16 34
2604 16 34
2605 16 34
2606 16 34
2607 16 34
2608 16 34
2609 16 34
2610 16 34
2611 16 34
2612 16 34
2613 16 34
2614 16 34
2615 16 34
2616 16 34
2617 16 34
2618 16 34
2619 16 34
2620 16 34
2621 17 34
2622 17 34
2623 17 34
2624 17 33
2625 17 33
2626 17 33
2627 17 33
2628 17 34
2629 17 34
2630 17 34
2631 17 34
2632 17 34
2633 18 33
2634 18 33
2635 18 33
2636 18 33
2637 18 33
2638 18 34
2639 18 34
2640 18 34
2641 18 34
2642 18 34
2643 18 34
2644 18 34
2645 18 34
2646 18 34
2647 18 34
2648 19 34
2649 19 34
2650 19 34
2651 19 34
2652 19 34
2653 19 34
2654 19 34
2655 19 34
2656 19 34
2657 19 34
2658 19 34
2659 19 34
2660 19 34
2661 19 34
2662 19 34
2663 19 34
2664 19 34
2665 20 34
2666 20 34
2667 20 34
2668 20 34
2669 20 34
2670 20 34
2671 20 34
2672 20 34
2673 21 34
2674 21 34
2675 21 35
2676 21 35
2677 21 35
2678 21 35
2679 21 35
2680 22 35
2681 22 35
2682 22 35
2683 22 35
2684 22 35
2685 23 35
2686 23 35
2687 23 35
2688 23 35
2689 23 35
2690 23 35
2691 23 35
2692 23 35
2693 24 35
2694 24 35
2695 24 35
2696 24 35
2697 24 35
2698 24 35
2699 24 35
2700 24 35
2701 24 35
2702 24 35
2703 24 35
2704 24 36
2705 24 36
2706 25 36
2707 25 36
2708 25 36
2709 25 36
2710 25 36
2711 26 36
2712 26 36
2713 27 36
2714 27 36
2715 27 36
2716 27 36
2717 28 36
2718 28 36
2719 28 36
2720 28 36
2721 28 36
2722 29 36
2723 29 36
2724 29 36
2725 29 36
2726 29 36
2727 29 36
2728 29 36
2729 29 36
2730 30 36
2731 30 36
2732 31 36
2733 31 36
2734 32 36
2735 32 36
2736 33 36
2737 33 36
2738 33 36
2739 33 36
2740 34 36
2741 34 36
2742 34 36
2743 34 37
2744 34 37
2745 35 37
2746 35 37
2747 35 37
2748 35 37
2749 35 37
2750 35 37
2751 35 36
2752 35 36
2753 36 36
2754 36 37
2755 36 37
2756 37 37
2757 37 37
2758 38 37
2759 38 37
2760 38 37
2761 38 37
2762 39 37
2763 39 37
2764 40 37
2765 41 37
2766 42 37
2767 44 37
2768 44 37
2769 45 37
2770 47 37
2771 48 37
2772 48 37
2773 48 37
2774 50 37
2775 55 37
2776 56 37
2777 57 37
2778 61 37
2779 63 37
2780 65 37
2781 72 37
2782 84 37
2783 100 37
