0 0 0
1 0 0
2 0 0
3 0 0
4 0 0
5 0 0
6 0 0
7 0 0
8 0 0
9 0 0
10 0 0
11 0 0
12 0 0
13 0 0
14 0 0
15 0 0
16 0 0
17 0 0
18 0 0
19 0 0
20 0 0
21 0 0
22 0 0
23 0 0
24 0 0
25 0 0
26 0 0
27 0 0
28 0 0
29 0 0
30 0 0
31 0 0
32 0 0
33 0 0
34 0 0
35 0 0
36 0 0
37 0 0
38 0 0
39 0 0
40 0 0
41 0 0
42 0 0
43 0 0
44 0 0
45 0 0
46 0 0
47 0 0
48 0 0
49 0 0
50 0 0
51 0 0
52 0 0
53 0 0
54 0 0
55 0 0
56 0 0
57 0 0
58 0 0
59 0 0
60 0 0
61 0 0
62 0 0
63 0 0
64 0 0
65 0 0
66 0 0
67 0 0
68 0 0
69 0 0
70 0 0
71 0 0
72 0 0
73 0 0
74 0 0
75 0 0
76 0 0
77 0 0
78 0 0
79 0 0
80 0 0
81 0 0
82 0 0
83 0 0
84 0 0
85 0 0
86 0 0
87 0 0
88 0 0
89 0 0
90 0 0
91 0 0
92 0 0
93 0 0
94 0 0
95 0 0
96 0 0
97 0 0
98 0 0
99 0 0
100 0 0
101 0 0
102 0 0
103 0 0
104 0 0
105 0 0
106 0 0
107 0 0
108 0 0
109 0 0
110 0 0
111 0 0
112 0 0
113 0 0
114 0 0
115 0 0
116 0 0
117 0 0
118 0 0
119 0 0
120 0 0
121 0 0
122 0 0
123 0 0
124 0 0
125 0 0
126 0 0
127 0 0
128 0 0
129 0 0
130 0 0
131 0 0
132 0 0
133 0 0
134 0 0
135 0 0
136 0 0
137 0 0
138 0 0
139 0 0
140 0 0
141 0 0
142 0 0
143 0 0
144 0 0
145 0 0
146 0 0
147 0 0
148 0 0
149 0 0
150 0 0
151 0 0
152 0 0
153 0 0
154 0 0
155 0 0
156 0 0
157 0 0
158 0 0
159 0 0
160 0 0
161 0 0
162 0 0
163 0 0
164 0 0
165 0 0
166 0 0
167 0 0
168 0 0
169 0 0
170 0 0
171 0 0
172 0 0
173 0 0
174 0 0
175 0 0
176 0 0
177 0 0
178 0 0
179 0 0
180 0 0
181 0 0
182 0 0
183 0 0
184 0 0
185 0 0
186 0 0
187 0 0
188 0 0
189 0 0
190 0 0
191 0 0
192 0 0
193 0 0
194 0 0
195 0 0
196 0 0
197 0 0
198 0 0
199 0 0
200 0 0
201 0 0
202 0 0
203 0 0
204 0 0
205 0 0
206 0 0
207 0 0
208 0 0
209 0 0
210 0 0
211 0 0
212 0 0
213 0 0
214 0 0
215 0 0
216 0 0
217 0 0
218 0 0
219 0 0
220 0 0
221 0 0
222 0 0
223 0 0
224 0 0
225 0 0
226 0 0
227 0 0
228 0 0
229 0 0
230 0 0
231 0 0
232 0 0
233 0 0
234 0 0
235 0 0
236 0 0
237 0 0
238 0 0
239 0 0
240 0 0
241 0 0
242 0 0
243 0 0
244 0 0
245 0 0
246 0 0
247 0 0
248 0 0
249 0 0
250 0 0
251 0 0
252 0 0
253 0 0
254 0 0
255 0 0
256 0 0
257 0 0
258 0 0
259 0 0
260 0 0
261 0 0
262 0 0
263 0 0
264 0 0
265 0 0
266 0 0
267 0 0
268 0 0
269 0 0
270 0 0
271 0 0
272 0 0
273 0 0
274 0 0
275 0 0
276 0 0
277 0 0
278 0 0
279 0 0
280 0 0
281 0 0
282 0 0
283 0 0
284 0 0
285 0 0
286 0 0
287 0 0
288 0 0
289 0 0
290 0 0
291 0 0
292 0 0
293 0 0
294 0 0
295 0 0
296 0 0
297 0 0
298 0 0
299 0 0
300 0 0
301 0 0
302 0 0
303 0 0
304 0 0
305 0 0
306 0 0
307 0 0
308 0 0
309 0 0
310 0 0
311 0 0
312 0 0
313 0 0
314 0 0
315 0 0
316 0 0
317 0 0
318 0 0
319 0 0
320 0 0
321 0 0
322 0 0
323 0 0
324 0 0
325 0 0
326 0 0
327 0 0
328 0 0
329 0 0
330 0 0
331 0 0
332 0 0
333 0 0
334 0 0
335 0 0
336 0 0
337 0 0
338 0 0
339 0 0
340 0 0
341 0 0
342 0 0
343 0 0
344 0 0
345 0 0
346 0 0
347 0 0
348 0 0
349 0 0
350 0 0
351 0 0
352 0 0
353 0 0
354 0 0
355 0 0
356 0 0
357 0 0
358 0 0
359 0 0
360 0 0
361 0 0
362 0 0
363 0 0
364 0 0
365 0 0
366 0 0
367 0 0
368 0 0
369 0 0
370 0 0
371 0 0
372 0 0
373 0 0
374 0 0
375 0 0
376 0 0
377 0 0
378 0 0
379 0 0
380 0 0
381 0 0
382 0 0
383 0 0
384 0 0
385 0 0
386 0 0
387 0 0
388 0 0
389 0 0
390 0 0
391 0 0
392 0 0
393 0 0
394 0 0
395 0 0
396 0 0
397 0 0
398 0 0
399 0 0
400 0 0
401 0 0
402 0 0
403 0 0
404 0 0
405 0 0
406 0 0
407 0 0
408 0 0
409 0 0
410 0 0
411 0 0
412 0 0
413 0 0
414 0 0
415 0 0
416 0 0
417 0 0
418 0 0
419 0 0
420 0 0
421 0 0
422 0 0
423 0 0
424 0 0
425 0 0
426 0 0
427 0 0
428 0 0
429 0 0
430 0 0
431 0 0
432 0 0
433 0 0
434 0 0
435 0 0
436 0 0
437 0 0
438 0 0
439 0 0
440 0 0
441 0 0
442 0 0
443 0 0
444 0 0
445 0 0
446 0 0
447 0 0
448 0 0
449 0 0
450 0 0
451 0 0
452 0 0
453 0 0
454 0 0
455 0 0
456 0 0
457 0 0
458 0 0
459 0 0
460 0 0
461 0 0
462 0 0
463 0 0
464 0 0
465 0 0
466 0 0
467 0 0
468 0 0
469 0 0
470 0 0
471 0 0
472 0 0
473 0 0
474 0 0
475 0 0
476 0 0
477 0 0
478 0 0
479 0 0
480 0 0
481 0 0
482 0 0
483 0 0
484 0 0
485 0 0
486 0 0
487 0 0
488 0 0
489 0 0
490 0 0
491 0 0
492 0 0
493 0 0
494 0 0
495 0 0
496 0 0
497 0 0
498 0 0
499 0 0
500 0 0
501 0 0
502 0 0
503 0 0
504 0 0
505 0 0
506 0 0
507 0 0
508 0 0
509 0 0
510 0 0
511 0 0
512 0 0
513 0 0
514 0 0
515 0 0
516 0 0
517 0 0
518 0 0
519 0 0
520 0 0
521 0 0
522 0 0
523 0 0
524 0 0
525 0 0
526 0 0
527 0 0
528 0 0
529 0 0
530 0 0
531 0 0
532 0 0
533 0 0
534 0 0
535 0 0
536 0 0
537 0 0
538 0 0
539 0 0
540 0 0
541 0 0
542 0 0
543 0 0
544 0 0
545 0 0
546 0 0
547 0 0
548 0 0
549 0 0
550 0 0
551 0 0
552 0 0
553 0 0
554 0 0
555 0 0
556 0 0
557 0 0
558 0 0
559 0 0
560 0 0
561 0 0
562 0 0
563 0 0
564 0 0
565 0 0
566 0 0
567 0 0
568 0 0
569 0 0
570 0 0
571 0 0
572 0 0
573 0 0
574 0 0
575 0 0
576 0 0
577 0 0
578 0 0
579 0 0
580 0 0
581 0 0
582 0 0
583 0 0
584 0 0
585 0 0
586 0 0
587 0 0
588 0 0
589 0 0
590 0 0
591 0 0
592 0 0
593 0 0
594 0 0
595 0 0
596 0 0
597 0 0
598 0 0
599 0 0
600 0 0
601 0 0
602 0 0
603 0 0
604 0 0
605 0 0
606 0 0
607 0 0
608 0 0
609 0 0
610 0 0
611 0 0
612 0 0
613 0 0
614 0 0
615 0 0
616 0 0
617 0 0
618 0 0
619 0 0
620 0 0
621 0 0
622 0 0
623 0 0
624 0 0
625 0 0
626 0 0
627 0 0
628 0 0
629 0 0
630 0 0
631 0 0
632 0 0
633 0 0
634 0 0
635 0 0
636 0 0
637 0 0
638 0 0
639 0 0
640 0 0
641 0 0
642 0 0
643 0 0
644 0 0
645 0 0
646 0 0
647 0 0
648 0 0
649 0 0
650 0 0
651 0 0
652 0 0
653 0 0
654 0 0
655 0 0
656 0 0
657 0 0
658 0 0
659 0 0
660 0 0
661 0 0
662 0 0
663 0 0
664 0 0
665 0 0
666 0 0
667 0 0
668 0 0
669 0 0
670 0 0
671 0 0
672 0 0
673 0 0
674 0 0
675 0 0
676 0 0
677 0 0
678 0 0
679 0 0
680 0 0
681 0 0
682 0 0
683 0 0
684 0 0
685 0 0
686 0 0
687 0 0
688 0 0
689 0 0
690 0 0
691 0 0
692 0 0
693 0 0
694 0 0
695 0 0
696 0 0
697 0 0
698 0 0
699 0 0
700 0 0
701 0 0
702 0 0
703 0 0
704 0 0
705 0 0
706 0 0
707 0 0
708 0 0
709 0 0
710 0 0
711 0 0
712 0 0
713 0 0
714 0 0
715 0 0
716 0 0
717 0 0
718 0 0
719 0 0
720 0 0
721 0 0
722 0 0
723 0 0
724 0 0
725 0 0
726 0 0
727 0 0
728 0 0
729 0 0
730 0 0
731 0 0
732 0 0
733 0 0
734 0 0
735 0 0
736 0 0
737 0 0
738 0 0
739 0 0
740 0 0
741 0 0
742 0 0
743 0 0
744 0 0
745 0 0
746 0 0
747 0 0
748 0 0
749 0 0
750 0 0
751 0 0
752 0 0
753 0 0
754 0 0
755 0 0
756 0 0
757 0 0
758 0 0
759 0 0
760 0 0
761 0 0
762 0 0
763 0 0
764 0 0
765 0 0
766 0 0
767 0 0
768 0 0
769 0 0
770 0 0
771 0 0
772 0 0
773 0 0
774 0 0
775 0 0
776 0 0
777 0 0
778 0 0
779 0 0
780 0 0
781 0 0
782 0 0
783 0 0
784 0 0
785 0 0
786 0 0
787 0 0
788 0 0
789 0 0
790 0 0
791 0 0
792 0 0
793 0 0
794 0 0
795 0 0
796 0 0
797 0 0
798 0 0
799 0 0
800 0 0
801 0 0
802 0 0
803 0 0
804 0 0
805 0 0
806 0 0
807 0 0
808 0 0
809 0 0
810 0 0
811 0 0
812 0 0
813 0 0
814 0 0
815 0 0
816 0 0
817 0 0
818 0 0
819 0 0
820 0 0
821 0 0
822 0 0
823 0 0
824 0 0
825 0 0
826 0 0
827 0 0
828 0 0
829 0 0
830 0 0
831 0 0
832 0 0
833 0 0
834 0 0
835 0 0
836 0 0
837 0 0
838 0 0
839 0 0
840 0 0
841 0 0
842 0 0
843 0 0
844 0 0
845 0 0
846 0 0
847 0 0
848 0 0
849 0 0
850 0 0
851 0 0
852 0 0
853 0 0
854 0 0
855 0 0
856 0 0
857 0 0
858 0 0
859 0 0
860 0 0
861 0 0
862 0 0
863 0 0
864 0 0
865 0 0
866 0 0
867 0 0
868 0 0
869 0 0
870 0 0
871 0 0
872 0 0
873 0 0
874 0 0
875 0 0
876 0 0
877 0 0
878 0 0
879 0 0
880 0 0
881 0 0
882 0 0
883 0 0
884 0 0
885 0 0
886 0 0
887 0 0
888 0 0
889 0 0
890 0 0
891 0 0
892 0 0
893 0 0
894 0 0
895 0 0
896 0 0
897 0 0
898 0 0
899 0 0
900 0 0
901 0 0
902 0 0
903 0 0
904 0 0
905 0 0
906 0 0
907 1 0
908 1 0
909 1 0
910 1 0
911 1 0
912 1 0
913 1 0
914 1 0
915 1 0
916 1 0
917 1 0
918 1 0
919 1 0
920 1 0
921 1 0
922 1 0
923 1 0
924 1 0
925 1 0
926 1 0
927 1 0
928 1 0
929 1 0
930 1 0
931 1 0
932 1 0
933 1 0
934 1 0
935 1 0
936 1 0
937 1 0
938 1 0
939 1 0
940 1 0
941 1 0
942 1 0
943 1 0
944 1 0
945 1 0
946 1 0
947 1 0
948 1 0
949 1 0
950 1 0
951 1 0
952 1 0
953 1 0
954 1 0
955 1 0
956 1 0
957 1 0
958 1 0
959 1 0
960 1 0
961 1 0
962 1 0
963 1 0
964 1 0
965 1 0
966 1 0
967 1 0
968 1 0
969 1 0
970 1 0
971 1 0
972 1 0
973 1 0
974 1 0
975 1 0
976 1 0
977 1 0
978 1 0
979 1 0
980 1 0
981 1 0
982 1 0
983 1 0
984 1 0
985 1 0
986 1 0
987 1 0
988 1 0
989 1 0
990 1 0
991 1 0
992 1 0
993 1 0
994 1 0
995 1 0
996 1 0
997 1 0
998 1 0
999 1 0
1000 1 0
1001 1 0
1002 1 0
1003 1 0
1004 1 0
1005 1 0
1006 1 0
1007 1 0
1008 1 0
1009 1 0
1010 1 0
1011 1 0
1012 1 0
1013 1 0
1014 1 0
1015 1 0
1016 1 0
1017 1 0
1018 1 0
1019 1 0
1020 1 0
1021 1 0
1022 1 0
1023 1 0
1024 1 0
1025 1 0
1026 1 0
1027 1 0
1028 1 0
1029 1 0
1030 1 0
1031 1 0
1032 1 0
1033 1 0
1034 1 0
1035 1 0
1036 1 0
1037 1 0
1038 1 0
1039 1 0
1040 1 0
1041 1 0
1042 1 0
1043 1 0
1044 1 0
1045 1 0
1046 1 0
1047 1 0
1048 1 0
1049 1 0
1050 1 0
1051 1 0
1052 1 0
1053 1 0
1054 1 0
1055 1 0
1056 1 0
1057 1 0
1058 1 0
1059 1 0
1060 1 0
1061 1 0
1062 1 0
1063 1 0
1064 1 0
1065 1 0
1066 1 0
1067 1 0
1068 1 0
1069 1 0
1070 1 0
1071 1 0
1072 1 0
1073 1 0
1074 1 0
1075 1 0
1076 1 0
1077 1 0
1078 1 0
1079 1 0
1080 1 0
1081 1 0
1082 1 0
1083 1 0
1084 1 0
1085 1 0
1086 1 0
1087 1 0
1088 1 0
1089 1 0
1090 1 0
1091 1 0
1092 1 0
1093 1 0
1094 1 0
1095 1 0
1096 1 0
1097 1 0
1098 1 0
1099 1 0
1100 1 0
1101 1 0
1102 1 0
1103 1 0
1104 1 0
1105 1 0
1106 1 0
1107 1 0
1108 1 0
1109 1 0
1110 1 0
1111 1 0
1112 1 0
1113 1 0
1114 1 0
1115 1 0
1116 1 0
1117 1 0
1118 1 0
1119 1 0
1120 1 0
1121 1 0
1122 1 0
1123 1 0
1124 1 0
1125 1 0
1126 1 0
1127 1 0
1128 1 0
1129 1 0
1130 1 0
1131 1 0
1132 1 0
1133 1 0
1134 1 0
1135 1 0
1136 1 0
1137 1 0
1138 1 0
1139 1 0
1140 1 0
1141 1 0
1142 1 0
1143 1 0
1144 1 0
1145 1 0
1146 1 0
1147 1 0
1148 1 0
1149 1 0
1150 1 0
1151 1 0
1152 1 0
1153 1 0
1154 1 0
1155 1 0
1156 1 0
1157 1 0
1158 1 0
1159 1 0
1160 1 0
1161 1 0
1162 1 0
1163 1 0
1164 1 0
1165 1 0
1166 1 0
1167 1 0
1168 1 0
1169 1 0
1170 1 0
1171 1 0
1172 1 0
1173 1 0
1174 1 0
1175 1 0
1176 1 0
1177 1 0
1178 1 0
1179 1 0
1180 1 0
1181 1 0
1182 1 0
1183 1 0
1184 1 0
1185 1 0
1186 1 0
1187 1 0
1188 1 0
1189 1 0
1190 1 0
1191 1 0
1192 1 0
1193 1 0
1194 1 0
1195 1 0
1196 1 0
1197 1 0
1198 1 0
1199 1 0
1200 1 0
1201 1 0
1202 1 0
1203 1 0
1204 1 0
1205 1 0
1206 1 0
1207 1 0
1208 1 0
1209 1 0
1210 1 0
1211 1 0
1212 1 0
1213 1 0
1214 1 0
1215 1 0
1216 1 0
1217 1 0
1218 1 0
1219 1 0
1220 1 0
1221 1 0
1222 1 0
1223 1 0
1224 1 0
1225 1 0
1226 1 0
1227 1 0
1228 1 0
1229 1 0
1230 1 0
1231 1 0
1232 1 0
1233 1 0
1234 1 0
1235 1 0
1236 1 0
1237 1 0
1238 1 0
1239 1 0
1240 1 0
1241 1 0
1242 1 0
1243 1 0
1244 1 0
1245 1 0
1246 1 0
1247 1 0
1248 1 0
1249 1 0
1250 1 0
1251 1 0
1252 1 0
1253 1 0
1254 1 0
1255 1 0
1256 1 0
1257 1 0
1258 1 0
1259 1 0
1260 1 0
1261 1 0
1262 1 0
1263 1 0
1264 1 0
1265 1 0
1266 1 0
1267 1 0
1268 1 0
1269 1 0
1270 1 0
1271 1 0
1272 1 0
1273 1 0
1274 1 0
1275 1 0
1276 1 0
1277 1 0
1278 1 0
1279 1 0
1280 1 0
1281 1 0
1282 1 0
1283 1 0
1284 1 0
1285 1 0
1286 1 0
1287 1 0
1288 1 0
1289 1 0
1290 1 0
1291 1 0
1292 2 0
1293 2 0
1294 2 0
1295 2 0
1296 2 0
1297 2 0
1298 2 0
1299 2 0
1300 2 0
1301 2 0
1302 2 0
1303 2 0
1304 2 0
1305 2 0
1306 2 0
1307 2 0
1308 2 0
1309 2 0
1310 2 0
1311 2 0
1312 2 0
1313 2 0
1314 2 0
1315 2 0
1316 2 0
1317 2 0
1318 2 0
1319 2 0
1320 2 0
1321 2 0
1322 2 0
1323 2 0
1324 2 0
1325 2 0
1326 2 0
1327 2 0
1328 2 0
1329 2 0
1330 2 0
1331 2 0
1332 2 0
1333 2 0
1334 2 0
1335 2 0
1336 2 0
1337 2 0
1338 2 0
1339 2 0
1340 2 0
1341 2 0
1342 2 0
1343 2 0
1344 2 0
1345 2 0
1346 2 0
1347 2 0
1348 2 0
1349 2 0
1350 2 0
1351 2 0
1352 2 0
1353 2 0
1354 2 0
1355 2 0
1356 2 0
1357 2 0
1358 2 0
1359 2 0
1360 2 0
1361 2 0
1362 2 0
1363 2 0
1364 2 0
1365 2 0
1366 2 0
1367 2 0
1368 2 0
1369 2 0
1370 2 0
1371 2 0
1372 2 0
1373 2 0
1374 2 0
1375 2 0
1376 2 0
1377 2 0
1378 2 0
1379 2 0
1380 2 0
1381 2 0
1382 2 0
1383 2 0
1384 2 0
1385 2 0
1386 2 0
1387 2 0
1388 2 0
1389 2 0
1390 2 0
1391 2 0
1392 2 0
1393 2 0
1394 2 0
1395 2 0
1396 2 0
1397 2 0
1398 2 0
1399 2 0
1400 2 0
1401 2 0
1402 2 0
1403 2 0
1404 2 0
1405 2 0
1406 2 0
1407 2 0
1408 2 0
1409 2 0
1410 2 0
1411 2 0
1412 2 0
1413 2 0
1414 2 0
1415 2 0
1416 2 0
1417 2 0
1418 2 0
1419 2 0
1420 2 0
1421 2 0
1422 2 0
1423 2 0
1424 2 0
1425 2 0
1426 2 0
1427 2 0
1428 2 0
1429 2 0
1430 2 0
1431 2 0
1432 2 0
1433 2 0
1434 2 0
1435 2 0
1436 2 0
1437 2 0
1438 2 0
1439 2 0
1440 2 0
1441 2 0
1442 2 0
1443 2 0
1444 2 0
1445 2 0
1446 2 0
1447 2 0
1448 2 0
1449 2 0
1450 2 0
1451 2 0
1452 2 0
1453 2 0
1454 2 0
1455 2 0
1456 2 0
1457 2 0
1458 2 0
1459 2 0
1460 2 0
1461 2 0
1462 2 0
1463 2 0
1464 2 0
1465 2 0
1466 2 0
1467 2 0
1468 2 0
1469 2 0
1470 2 0
1471 2 0
1472 2 0
1473 2 0
1474 2 0
1475 2 0
1476 2 0
1477 2 0
1478 2 0
1479 2 0
1480 2 0
1481 2 0
1482 2 0
1483 2 0
1484 2 0
1485 2 0
1486 2 0
1487 2 0
1488 2 0
1489 2 0
1490 2 0
1491 2 0
1492 2 0
1493 2 0
1494 2 0
1495 2 0
1496 2 0
1497 2 0
1498 2 0
1499 2 0
1500 2 0
1501 2 0
1502 2 0
1503 2 0
1504 2 0
1505 2 0
1506 2 0
1507 2 0
1508 2 0
1509 2 0
1510 2 0
1511 2 0
1512 2 0
1513 2 0
1514 2 0
1515 2 0
1516 2 0
1517 2 0
1518 2 0
1519 2 0
1520 2 0
1521 2 0
1522 2 0
1523 2 0
1524 2 0
1525 2 0
1526 2 0
1527 2 0
1528 2 0
1529 2 0
1530 2 0
1531 2 0
1532 2 0
1533 2 0
1534 2 0
1535 2 0
1536 2 0
1537 2 0
1538 2 0
1539 2 0
1540 2 0
1541 2 0
1542 2 0
1543 2 0
1544 2 0
1545 2 0
1546 2 0
1547 2 0
1548 2 0
1549 2 0
1550 2 0
1551 2 0
1552 2 0
1553 2 0
1554 2 0
1555 2 0
1556 2 0
1557 2 0
1558 2 0
1559 2 0
1560 2 0
1561 2 0
1562 2 0
1563 2 0
1564 2 0
1565 2 0
1566 2 0
1567 2 0
1568 2 0
1569 2 0
1570 2 0
1571 2 0
1572 2 0
1573 2 0
1574 2 0
1575 2 0
1576 2 0
1577 2 0
1578 2 0
1579 2 0
1580 2 0
1581 2 0
1582 2 0
1583 2 0
1584 3 0
1585 3 0
1586 3 0
1587 3 0
1588 3 0
1589 3 0
1590 3 0
1591 3 0
1592 3 0
1593 3 0
1594 3 0
1595 3 0
1596 3 0
1597 3 0
1598 3 0
1599 3 0
1600 3 0
1601 3 0
1602 3 0
1603 3 0
1604 3 0
1605 3 0
1606 3 0
1607 3 0
1608 3 0
1609 3 0
1610 3 0
1611 3 0
1612 3 0
1613 3 0
1614 3 0
1615 3 0
1616 3 0
1617 3 0
1618 3 0
1619 3 0
1620 3 0
1621 3 0
1622 3 0
1623 3 0
1624 3 0
1625 3 0
1626 3 0
1627 3 0
1628 3 0
1629 3 0
1630 3 0
1631 3 0
1632 3 0
1633 3 0
1634 3 0
1635 3 0
1636 3 0
1637 3 0
1638 3 0
1639 3 0
1640 3 0
1641 3 0
1642 3 0
1643 3 0
1644 3 0
1645 3 0
1646 3 0
1647 3 0
1648 3 0
1649 3 0
1650 3 0
1651 3 0
1652 3 0
1653 3 0
1654 3 0
1655 3 0
1656 3 0
1657 3 0
1658 3 0
1659 3 0
1660 3 0
1661 3 0
1662 3 0
1663 3 0
1664 3 0
1665 3 0
1666 3 0
1667 3 0
1668 3 0
1669 3 0
1670 3 0
1671 3 0
1672 3 0
1673 3 0
1674 3 0
1675 3 0
1676 3 0
1677 3 0
1678 3 0
1679 3 0
1680 3 0
1681 3 0
1682 3 0
1683 3 0
1684 3 0
1685 3 0
1686 3 0
1687 3 0
1688 3 0
1689 3 0
1690 3 0
1691 3 0
1692 3 0
1693 3 0
1694 3 0
1695 3 0
1696 3 0
1697 3 0
1698 3 0
1699 3 0
1700 3 0
1701 3 0
1702 3 0
1703 3 0
1704 3 0
1705 3 0
1706 3 0
1707 3 0
1708 3 0
1709 3 0
1710 3 0
1711 3 0
1712 3 0
1713 3 0
1714 3 0
1715 3 0
1716 3 0
1717 3 0
1718 3 0
1719 3 0
1720 3 0
1721 3 0
1722 3 0
1723 3 0
1724 3 0
1725 3 0
1726 3 0
1727 3 0
1728 3 0
1729 3 0
1730 3 0
1731 3 0
1732 3 0
1733 3 0
1734 3 0
1735 3 0
1736 3 0
1737 3 0
1738 3 0
1739 3 0
1740 3 0
1741 3 0
1742 3 0
1743 3 0
1744 3 0
1745 3 0
1746 3 0
1747 3 0
1748 3 0
1749 3 0
1750 3 0
1751 3 0
1752 3 0
1753 3 0
1754 3 0
1755 3 0
1756 3 0
1757 3 0
1758 3 0
1759 3 0
1760 3 0
1761 3 0
1762 3 0
1763 3 0
1764 3 0
1765 3 0
1766 3 0
1767 3 0
1768 3 0
1769 3 0
1770 3 0
1771 3 0
1772 3 0
1773 3 0
1774 3 0
1775 3 0
1776 3 0
1777 3 0
1778 3 0
1779 3 0
1780 3 0
1781 3 0
1782 3 0
1783 3 0
1784 3 0
1785 3 0
1786 3 0
1787 3 0
1788 3 0
1789 3 0
1790 3 0
1791 3 0
1792 3 0
1793 3 0
1794 3 0
1795 3 0
1796 3 0
1797 3 0
1798 3 0
1799 3 0
1800 3 0
1801 3 0
1802 3 0
1803 3 0
1804 3 0
1805 3 0
1806 3 0
1807 3 0
1808 3 0
1809 4 0
1810 4 0
1811 4 0
1812 4 0
1813 4 0
1814 4 0
1815 4 0
1816 4 0
1817 4 0
1818 4 0
1819 4 0
1820 4 0
1821 4 0
1822 4 0
1823 4 0
1824 4 0
1825 4 0
1826 4 0
1827 4 0
1828 4 0
1829 4 0
1830 4 0
1831 4 0
1832 4 0
1833 4 0
1834 4 0
1835 4 0
1836 4 0
1837 4 0
1838 4 0
1839 4 0
1840 4 0
1841 4 0
1842 4 0
1843 4 0
1844 4 0
1845 4 0
1846 4 0
1847 4 0
1848 4 0
1849 4 0
1850 4 0
1851 4 0
1852 4 0
1853 4 0
1854 4 0
1855 4 0
1856 4 0
1857 4 0
1858 4 0
1859 4 0
1860 4 0
1861 4 0
1862 4 0
1863 4 0
1864 4 0
1865 4 0
1866 4 0
1867 4 0
1868 4 0
1869 4 0
1870 4 0
1871 4 0
1872 4 0
1873 4 0
1874 4 0
1875 4 0
1876 4 0
1877 4 0
1878 4 0
1879 4 0
1880 4 0
1881 4 0
1882 4 0
1883 4 0
1884 4 0
1885 4 0
1886 4 0
1887 4 0
1888 4 0
1889 4 0
1890 4 0
1891 4 0
1892 4 0
1893 4 0
1894 4 0
1895 4 0
1896 4 0
1897 4 0
1898 4 0
1899 4 0
1900 4 0
1901 4 0
1902 4 0
1903 4 0
1904 4 0
1905 4 0
1906 4 0
1907 4 0
1908 4 0
1909 4 0
1910 4 0
1911 4 0
1912 4 0
1913 4 0
1914 4 0
1915 4 0
1916 4 0
1917 4 0
1918 4 0
1919 4 0
1920 4 0
1921 4 0
1922 4 0
1923 4 0
1924 4 0
1925 4 0
1926 4 0
1927 4 0
1928 4 0
1929 4 0
1930 4 0
1931 4 0
1932 4 0
1933 4 0
1934 4 0
1935 4 0
1936 4 0
1937 4 0
1938 4 0
1939 4 0
1940 4 0
1941 4 0
1942 4 0
1943 4 0
1944 4 0
1945 4 0
1946 4 0
1947 4 0
1948 4 0
1949 4 0
1950 4 0
1951 4 0
1952 4 0
1953 4 0
1954 5 0
1955 5 0
1956 5 0
1957 5 0
1958 5 0
1959 5 0
1960 5 0
1961 5 0
1962 5 0
1963 5 0
1964 5 0
1965 5 0
1966 5 0
1967 5 0
1968 5 0
1969 5 0
1970 5 0
1971 5 0
1972 5 0
1973 5 0
1974 5 0
1975 5 0
1976 5 0
1977 5 0
1978 5 0
1979 5 0
1980 5 0
1981 5 0
1982 5 0
1983 5 0
1984 5 0
1985 5 0
1986 5 0
1987 5 0
1988 5 0
1989 5 0
1990 5 0
1991 5 0
1992 5 0
1993 5 0
1994 5 0
1995 5 0
1996 5 0
1997 5 0
1998 5 0
1999 5 0
2000 5 0
2001 5 0
2002 5 0
2003 5 0
2004 5 0
2005 5 0
2006 5 0
2007 5 0
2008 5 0
2009 5 0
2010 5 0
2011 5 0
2012 5 0
2013 5 0
2014 5 0
2015 5 0
2016 5 0
2017 5 0
2018 5 0
2019 5 0
2020 5 0
2021 5 0
2022 5 0
2023 5 0
2024 5 0
2025 5 0
2026 5 0
2027 5 0
2028 5 0
2029 5 0
2030 5 0
2031 5 0
2032 5 0
2033 5 0
2034 5 0
2035 5 0
2036 5 0
2037 5 0
2038 5 0
2039 5 0
2040 5 0
2041 5 0
2042 5 0
2043 5 0
2044 5 0
2045 5 0
2046 5 0
2047 5 0
2048 5 0
2049 5 0
2050 5 0
2051 5 0
2052 5 0
2053 5 0
2054 5 0
2055 5 0
2056 5 0
2057 5 0
2058 5 0
2059 5 0
2060 5 0
2061 5 0
2062 5 0
2063 5 0
2064 5 0
2065 5 0
2066 5 0
2067 5 0
2068 5 0
2069 5 0
2070 5 0
2071 5 0
2072 5 0
2073 5 0
2074 5 0
2075 5 0
2076 5 0
2077 5 0
2078 5 0
2079 5 0
2080 5 0
2081 5 0
2082 5 0
2083 5 0
2084 5 0
2085 5 0
2086 5 0
2087 5 0
2088 5 0
2089 5 0
2090 5 0
2091 5 0
2092 5 0
2093 5 0
2094 5 0
2095 5 0
2096 5 0
2097 5 0
2098 5 0
2099 5 0
2100 5 0
2101 5 0
2102 5 0
2103 5 0
2104 5 0
2105 5 0
2106 5 0
2107 5 0
2108 5 0
2109 5 0
2110 5 0
2111 5 0
2112 5 0
2113 5 0
2114 5 0
2115 5 0
2116 5 0
2117 5 0
2118 5 0
2119 5 0
2120 5 0
2121 5 0
2122 5 0
2123 6 0
2124 6 0
2125 6 0
2126 6 0
2127 6 0
2128 6 0
2129 6 0
2130 6 0
2131 6 0
2132 6 0
2133 6 0
2134 6 0
2135 6 0
2136 6 0
2137 6 0
2138 6 0
2139 6 0
2140 6 0
2141 6 0
2142 6 0
2143 6 0
2144 6 0
2145 6 0
2146 6 0
2147 6 0
2148 6 0
2149 6 0
2150 6 0
2151 6 0
2152 6 0
2153 6 0
2154 6 0
2155 6 0
2156 6 0
2157 6 0
2158 6 0
2159 6 0
2160 6 0
2161 6 0
2162 6 0
2163 6 0
2164 6 0
2165 6 0
2166 6 0
2167 6 0
2168 6 0
2169 6 0
2170 6 0
2171 6 0
2172 6 0
2173 6 0
2174 6 0
2175 6 0
2176 6 0
2177 6 0
2178 6 0
2179 6 0
2180 6 0
2181 6 0
2182 6 0
2183 6 0
2184 6 0
2185 6 0
2186 6 0
2187 6 0
2188 6 0
2189 6 0
2190 6 0
2191 6 0
2192 6 0
2193 6 0
2194 6 0
2195 6 0
2196 6 0
2197 6 0
2198 6 0
2199 6 0
2200 6 0
2201 6 0
2202 6 0
2203 6 0
2204 6 0
2205 6 0
2206 6 0
2207 6 0
2208 6 0
2209 6 0
2210 6 0
2211 6 0
2212 6 0
2213 6 0
2214 6 0
2215 6 0
2216 6 0
2217 6 0
2218 6 0
2219 6 0
2220 6 0
2221 6 0
2222 6 0
2223 6 0
2224 6 0
2225 6 0
2226 6 0
2227 6 0
2228 6 0
2229 6 0
2230 6 0
2231 6 0
2232 6 0
2233 6 0
2234 6 0
2235 6 0
2236 6 0
2237 6 0
2238 6 0
2239 6 0
2240 6 0
2241 6 0
2242 6 0
2243 6 0
2244 7 0
2245 7 0
2246 7 0
2247 7 0
2248 7 0
2249 7 0
2250 7 0
2251 7 0
2252 7 0
2253 7 0
2254 7 0
2255 7 0
2256 7 0
2257 7 0
2258 7 0
2259 7 0
2260 7 0
2261 7 0
2262 7 0
2263 7 0
2264 7 0
2265 7 0
2266 7 0
2267 7 0
2268 7 0
2269 7 0
2270 7 0
2271 7 0
2272 7 0
2273 7 0
2274 7 0
2275 7 0
2276 7 0
2277 7 0
2278 7 0
2279 7 0
2280 7 0
2281 7 0
2282 7 0
2283 7 0
2284 7 0
2285 7 0
2286 7 0
2287 7 0
2288 7 0
2289 7 0
2290 7 0
2291 7 0
2292 7 0
2293 7 0
2294 7 0
2295 7 0
2296 7 0
2297 7 0
2298 7 0
2299 7 0
2300 7 0
2301 7 0
2302 7 0
2303 7 0
2304 7 0
2305 7 0
2306 7 0
2307 7 0
2308 7 0
2309 7 0
2310 7 0
2311 7 0
2312 7 0
2313 7 0
2314 7 0
2315 7 0
2316 7 0
2317 7 0
2318 7 0
2319 7 0
2320 7 0
2321 7 0
2322 7 0
2323 7 0
2324 7 0
2325 7 0
2326 7 0
2327 7 0
2328 7 0
2329 7 0
2330 7 0
2331 7 0
2332 7 0
2333 7 0
2334 7 0
2335 7 0
2336 7 0
2337 7 0
2338 7 0
2339 7 0
2340 7 0
2341 7 0
2342 7 0
2343 7 0
2344 7 0
2345 7 0
2346 8 0
2347 8 0
2348 8 0
2349 8 0
2350 8 0
2351 8 0
2352 8 0
2353 8 0
2354 8 0
2355 8 0
2356 8 0
2357 8 0
2358 8 0
2359 8 0
2360 8 0
2361 8 0
2362 8 0
2363 8 0
2364 8 0
2365 8 0
2366 8 0
2367 8 0
2368 8 0
2369 8 0
2370 8 0
2371 8 0
2372 8 0
2373 8 0
2374 8 0
2375 8 0
2376 8 0
2377 8 0
2378 8 0
2379 8 0
2380 8 0
2381 8 0
2382 8 0
2383 8 0
2384 8 0
2385 8 0
2386 8 0
2387 8 0
2388 8 0
2389 8 0
2390 8 0
2391 8 0
2392 8 0
2393 8 0
2394 8 0
2395 8 0
2396 8 0
2397 8 0
2398 8 0
2399 8 0
2400 8 0
2401 8 0
2402 8 0
2403 8 0
2404 8 0
2405 8 0
2406 8 0
2407 8 0
2408 8 0
2409 8 0
2410 8 0
2411 8 0
2412 8 0
2413 8 0
2414 8 0
2415 8 0
2416 8 0
2417 8 0
2418 8 0
2419 8 0
2420 8 0
2421 8 0
2422 8 0
2423 8 0
2424 8 0
2425 8 0
2426 8 0
2427 8 0
2428 8 0
2429 8 0
2430 8 0
2431 8 0
2432 8 0
2433 8 0
2434 8 0
2435 8 0
2436 8 0
2437 8 0
2438 9 0
2439 9 0
2440 9 0
2441 9 0
2442 9 0
2443 9 0
2444 9 0
2445 9 0
2446 9 0
2447 9 0
2448 9 0
2449 9 0
2450 9 0
2451 9 0
2452 9 0
2453 9 0
2454 9 0
2455 9 0
2456 9 0
2457 9 0
2458 9 0
2459 9 0
2460 9 0
2461 9 0
2462 9 0
2463 9 0
2464 9 0
2465 9 0
2466 9 0
2467 9 0
2468 9 0
2469 9 0
2470 9 0
2471 9 0
2472 9 0
2473 9 0
2474 9 0
2475 9 0
2476 9 0
2477 9 0
2478 9 0
2479 9 0
2480 9 0
2481 9 0
2482 9 0
2483 9 0
2484 9 0
2485 9 0
2486 9 0
2487 9 0
2488 9 0
2489 9 0
2490 9 0
2491 9 0
2492 9 0
2493 9 0
2494 9 0
2495 9 0
2496 9 0
2497 9 0
2498 9 0
2499 9 0
2500 9 0
2501 10 0
2502 10 0
2503 10 0
2504 10 0
2505 10 0
2506 10 0
2507 10 0
2508 10 0
2509 10 0
2510 10 0
2511 10 0
2512 10 0
2513 10 0
2514 10 0
2515 10 0
2516 10 0
2517 10 0
2518 10 0
2519 10 0
2520 10 0
2521 10 0
2522 10 0
2523 10 0
2524 10 0
2525 10 0
2526 10 0
2527 10 0
2528 10 0
2529 10 0
2530 10 0
2531 10 0
2532 10 0
2533 10 0
2534 10 0
2535 10 0
2536 10 0
2537 10 0
2538 10 0
2539 10 0
2540 10 0
2541 10 0
2542 10 0
2543 10 0
2544 10 0
2545 10 0
2546 10 0
2547 10 0
2548 10 0
2549 10 0
2550 10 0
2551 10 0
2552 10 0
2553 10 0
2554 10 0
2555 10 0
2556 10 0
2557 10 0
2558 10 0
2559 10 0
2560 10 0
2561 10 0
2562 10 0
2563 10 0
2564 10 0
2565 10 0
2566 10 0
2567 10 0
2568 10 0
2569 10 0
2570 10 0
2571 10 0
2572 10 0
2573 10 0
2574 10 0
2575 10 0
2576 10 0
2577 11 0
2578 11 0
2579 11 0
2580 11 0
2581 11 0
2582 11 0
2583 11 0
2584 11 0
2585 11 0
2586 11 0
2587 11 0
2588 11 0
2589 11 0
2590 11 0
2591 11 0
2592 11 0
2593 11 0
2594 11 0
2595 11 0
2596 11 0
2597 11 0
2598 11 0
2599 11 0
2600 11 0
2601 11 0
2602 11 0
2603 11 0
2604 11 0
2605 11 0
2606 11 0
2607 11 0
2608 11 0
2609 11 0
2610 11 0
2611 11 0
2612 11 0
2613 11 0
2614 11 0
2615 11 0
2616 11 0
2617 11 0
2618 11 0
2619 11 0
2620 11 0
2621 11 0
2622 11 0
2623 11 0
2624 11 0
2625 11 0
2626 11 0
2627 11 0
2628 11 0
2629 11 0
2630 11 0
2631 11 0
2632 11 0
2633 11 0
2634 11 0
2635 11 0
2636 11 0
2637 12 0
2638 12 0
2639 12 0
2640 12 0
2641 12 0
2642 12 0
2643 12 0
2644 12 0
2645 12 0
2646 12 0
2647 12 0
2648 12 0
2649 12 0
2650 12 0
2651 12 0
2652 12 0
2653 12 0
2654 12 0
2655 12 0
2656 12 0
2657 12 0
2658 12 0
2659 12 0
2660 12 0
2661 12 0
2662 12 0
2663 12 0
2664 12 0
2665 12 0
2666 12 0
2667 12 0
2668 12 0
2669 12 0
2670 12 0
2671 12 0
2672 12 0
2673 12 0
2674 12 0
2675 12 0
2676 12 0
2677 12 0
2678 12 0
2679 12 0
2680 12 0
2681 12 0
2682 12 0
2683 12 0
2684 12 0
2685 13 0
2686 13 0
2687 13 0
2688 13 0
2689 13 0
2690 13 0
2691 13 0
2692 13 0
2693 13 0
2694 13 0
2695 13 0
2696 13 0
2697 13 0
2698 13 0
2699 13 0
2700 13 0
2701 13 0
2702 13 0
2703 13 0
2704 13 0
2705 13 0
2706 13 0
2707 13 0
2708 13 0
2709 13 0
2710 13 0
2711 13 0
2712 13 0
2713 13 0
2714 13 0
2715 13 0
2716 13 0
2717 13 0
2718 13 0
2719 13 0
2720 13 0
2721 13 0
2722 13 0
2723 13 0
2724 13 0
2725 13 0
2726 13 0
2727 13 0
2728 13 0
2729 13 0
2730 13 0
2731 13 0
2732 13 0
2733 13 0
2734 13 0
2735 13 0
2736 13 0
2737 13 0
2738 13 0
2739 13 0
2740 13 0
2741 13 0
2742 13 0
2743 13 0
2744 13 0
2745 13 0
2746 13 0
2747 13 0
2748 13 0
2749 13 0
2750 13 0
2751 13 0
2752 13 0
2753 13 0
2754 13 0
2755 13 0
2756 13 0
2757 13 0
2758 13 0
2759 13 0
2760 13 0
2761 14 0
2762 14 0
2763 14 0
2764 14 0
2765 14 0
2766 14 0
2767 14 0
2768 14 0
2769 14 0
2770 14 0
2771 14 0
2772 14 0
2773 14 0
2774 14 0
2775 14 0
2776 14 0
2777 14 0
2778 14 0
2779 14 0
2780 14 0
2781 14 0
2782 14 0
2783 14 0
2784 15 0
2785 15 0
2786 15 0
2787 15 0
2788 15 0
2789 15 0
2790 15 0
2791 15 0
2792 15 0
2793 15 0
2794 15 0
2795 15 0
2796 15 0
2797 15 0
2798 15 0
2799 15 0
2800 15 0
2801 15 0
2802 15 0
2803 15 0
2804 15 0
2805 15 0
2806 15 0
2807 15 0
2808 15 0
2809 15 0
2810 15 0
2811 15 0
2812 15 0
2813 15 0
2814 15 0
2815 15 0
2816 15 0
2817 15 0
2818 15 0
2819 15 0
2820 16 0
2821 16 0
2822 16 0
2823 16 0
2824 16 0
2825 16 0
2826 16 0
2827 16 0
2828 16 0
2829 16 0
2830 16 0
2831 16 0
2832 16 0
2833 16 0
2834 16 0
2835 16 0
2836 16 0
2837 16 0
2838 16 0
2839 17 0
2840 17 0
2841 17 0
2842 17 0
2843 17 0
2844 17 0
2845 17 0
2846 17 0
2847 17 0
2848 17 0
2849 17 0
2850 17 0
2851 17 0
2852 17 0
2853 17 0
2854 17 0
2855 17 0
2856 17 0
2857 17 0
2858 17 0
2859 17 0
2860 18 0
2861 18 0
2862 18 0
2863 18 0
2864 18 0
2865 18 0
2866 18 0
2867 18 0
2868 18 0
2869 18 0
2870 18 0
2871 18 0
2872 18 0
2873 18 0
2874 18 0
2875 18 0
2876 18 0
2877 18 0
2878 18 0
2879 18 0
2880 18 0
2881 18 0
2882 18 0
2883 18 0
2884 18 0
2885 18 0
2886 18 0
2887 18 0
2888 18 0
2889 18 0
2890 18 0
2891 18 0
2892 18 0
2893 18 0
2894 19 0
2895 19 0
2896 19 0
2897 19 0
2898 19 0
2899 19 0
2900 19 0
2901 19 0
2902 19 0
2903 19 0
2904 19 0
2905 19 0
2906 19 0
2907 19 0
2908 19 0
2909 19 0
2910 19 0
2911 19 0
2912 19 0
2913 20 0
2914 20 0
2915 20 0
2916 20 0
2917 20 0
2918 20 0
2919 20 0
2920 20 0
2921 20 0
2922 20 0
2923 20 0
2924 20 0
2925 20 0
2926 20 0
2927 20 0
2928 20 0
2929 20 0
2930 20 0
2931 20 0
2932 20 0
2933 20 0
2934 20 0
2935 20 0
2936 21 0
2937 21 0
2938 21 0
2939 21 0
2940 21 0
2941 21 0
2942 21 0
2943 21 0
2944 21 0
2945 21 0
2946 21 0
2947 21 0
2948 22 0
2949 22 0
2950 22 0
2951 22 0
2952 22 0
2953 22 0
2954 22 0
2955 22 0
2956 23 0
2957 23 0
2958 23 0
2959 23 0
2960 23 0
2961 23 0
2962 23 0
2963 23 0
2964 23 0
2965 23 0
2966 24 0
2967 24 0
2968 24 0
2969 24 0
2970 24 0
2971 24 0
2972 24 0
2973 24 0
2974 24 0
2975 24 0
2976 24 0
2977 24 0
2978 25 0
2979 25 0
2980 25 0
2981 25 0
2982 25 0
2983 25 0
2984 25 0
2985 25 0
2986 25 0
2987 25 0
2988 25 0
2989 25 0
2990 25 0
2991 25 0
2992 25 0
2993 25 0
2994 25 0
2995 25 0
2996 25 0
2997 25 0
2998 25 0
2999 25 0
3000 25 0
3001 25 0
3002 25 0
3003 25 0
3004 25 0
3005 25 0
3006 26 0
3007 26 0
3008 26 0
3009 26 0
3010 26 0
3011 26 0
3012 26 0
3013 26 0
3014 26 0
3015 26 0
3016 26 0
3017 26 0
3018 26 0
3019 26 0
3020 26 0
3021 26 0
3022 26 0
3023 26 0
3024 26 0
3025 26 0
3026 26 0
3027 26 0
3028 26 0
3029 26 0
3030 26 0
3031 26 0
3032 27 0
3033 27 0
3034 27 0
3035 27 0
3036 27 0
3037 27 0
3038 27 0
3039 27 0
3040 27 0
3041 27 0
3042 27 0
3043 27 0
3044 27 0
3045 27 0
3046 27 0
3047 27 0
3048 27 0
3049 27 0
3050 27 0
3051 27 0
3052 27 0
3053 27 0
3054 27 0
3055 27 0
3056 27 0
3057 27 0
3058 27 0
3059 27 0
3060 27 0
3061 27 0
3062 27 0
3063 27 0
3064 27 0
3065 28 0
3066 28 0
3067 28 0
3068 28 0
3069 28 0
3070 28 0
3071 29 0
3072 29 0
3073 29 0
3074 29 0
3075 29 0
3076 29 0
3077 29 0
3078 29 0
3079 29 0
3080 29 0
3081 30 0
3082 31 0
3083 31 0
3084 31 0
3085 31 0
3086 31 0
3087 31 0
3088 32 0
3089 32 0
3090 32 0
3091 32 0
3092 33 0
3093 33 0
3094 33 0
3095 33 0
3096 33 0
3097 34 0
3098 34 0
3099 34 0
3100 35 0
3101 35 0
3102 35 0
3103 36 0
3104 36 0
3105 36 0
3106 36 0
3107 36 0
3108 36 0
3109 36 0
3110 37 0
3111 37 0
3112 37 0
3113 37 0
3114 37 0
3115 37 0
3116 37 0
3117 37 0
3118 37 0
3119 37 0
3120 38 0
3121 38 0
3122 38 0
3123 39 0
3124 40 0
3125 41 0
3126 41 0
3127 41 0
3128 41 0
3129 41 0
3130 41 0
3131 41 0
3132 41 0
3133 41 0
3134 41 0
3135 41 0
3136 41 0
3137 41 0
3138 41 0
3139 41 0
3140 41 0
3141 41 0
3142 42 0
3143 42 0
3144 42 0
3145 42 0
3146 43 0
3147 43 0
3148 43 0
3149 44 0
3150 44 0
3151 44 0
3152 44 0
3153 45 0
3154 45 0
3155 45 0
3156 45 0
3157 45 0
3158 45 0
3159 45 0
3160 45 0
3161 46 1
3162 46 1
3163 47 1
3164 47 1
3165 47 1
3166 47 1
3167 47 1
3168 47 1
3169 47 1
3170 47 1
3171 47 1
3172 47 1
3173 47 1
3174 47 1
3175 47 1
3176 47 1
3177 47 1
3178 47 1
3179 47 1
3180 47 1
3181 47 1
3182 47 1
3183 47 1
3184 47 1
3185 47 1
3186 47 1
3187 47 1
3188 47 1
3189 47 1
3190 47 1
3191 47 1
3192 47 1
3193 47 1
3194 47 1
3195 47 1
3196 47 1
3197 47 1
3198 47 1
3199 47 1
3200 47 1
3201 48 1
3202 48 1
3203 48 1
3204 49 1
3205 49 1
3206 49 1
3207 50 1
3208 50 1
3209 50 1
3210 50 1
3211 51 1
3212 51 1
3213 51 1
3214 51 1
3215 51 1
3216 51 1
3217 51 1
3218 52 1
3219 53 1
3220 53 1
3221 53 1
3222 53 1
3223 53 1
3224 53 1
3225 53 1
3226 53 1
3227 54 1
3228 54 1
3229 55 1
3230 55 1
3231 55 1
3232 55 1
3233 56 1
3234 56 1
3235 57 1
3236 57 1
3237 57 1
3238 57 1
3239 57 1
3240 57 1
3241 58 1
3242 59 1
3243 60 1
3244 60 1
3245 60 1
3246 60 1
3247 63 1
3248 63 1
3249 64 1
3250 64 1
3251 65 1
3252 67 1
3253 68 1
3254 68 1
3255 69 1
3256 69 1
3257 71 1
3258 71 1
3259 72 1
3260 72 1
3261 72 1
3262 72 1
3263 73 1
3264 73 1
3265 73 1
3266 74 1
3267 74 1
3268 74 1
3269 74 1
3270 75 1
3271 77 1
3272 78 1
3273 81 1
3274 83 1
3275 83 1
3276 83 1
3277 83 1
3278 83 1
3279 83 1
3280 83 1
3281 83 1
3282 83 1
3283 83 1
3284 84 1
3285 95 1
3286 95 1
3287 95 1
3288 95 1
3289 95 1
3290 95 1
3291 95 1
3292 95 1
3293 95 1
3294 95 1
3295 95 1
3296 95 1
3297 95 1
3298 95 1
3299 95 1
3300 95 1
3301 95 1
3302 95 1
3303 95 1
3304 95 1
3305 95 1
3306 95 1
3307 95 1
3308 95 1
3309 95 1
3310 95 1
3311 95 1
3312 95 1
3313 95 1
3314 95 1
3315 95 1
3316 95 1
3317 95 1
3318 96 1
3319 100 1
