0 0 0
1 0 0
2 0 0
3 0 0
4 0 0
5 0 0
6 0 0
7 0 0
8 0 0
9 0 0
10 0 0
11 0 0
12 0 0
13 0 0
14 0 0
15 0 0
16 0 0
17 0 0
18 0 0
19 0 0
20 0 0
21 0 0
22 0 0
23 0 0
24 0 0
25 0 0
26 0 0
27 0 0
28 0 0
29 0 0
30 0 0
31 0 0
32 0 0
33 0 0
34 0 0
35 0 0
36 0 0
37 0 0
38 0 0
39 0 0
40 0 0
41 0 0
42 0 0
43 0 0
44 0 0
45 0 0
46 0 0
47 0 0
48 0 0
49 0 0
50 0 0
51 0 0
52 0 0
53 0 0
54 0 0
55 0 0
56 0 0
57 0 0
58 0 0
59 0 0
60 0 0
61 0 0
62 0 0
63 0 0
64 0 0
65 0 0
66 0 0
67 0 0
68 0 0
69 0 0
70 0 0
71 0 0
72 0 0
73 0 0
74 0 0
75 0 0
76 0 0
77 0 0
78 0 0
79 0 0
80 0 0
81 0 0
82 0 0
83 0 0
84 0 0
85 0 0
86 0 0
87 0 0
88 0 0
89 0 0
90 0 0
91 0 0
92 0 0
93 0 0
94 0 0
95 0 0
96 0 0
97 0 0
98 0 0
99 0 0
100 0 0
101 0 0
102 0 0
103 0 0
104 0 0
105 0 0
106 0 0
107 0 0
108 0 0
109 0 0
110 0 0
111 0 0
112 0 0
113 0 0
114 0 0
115 0 0
116 0 0
117 0 0
118 0 0
119 0 0
120 0 0
121 0 0
122 0 0
123 0 0
124 0 0
125 0 0
126 0 0
127 0 0
128 0 0
129 0 0
130 0 0
131 0 0
132 0 0
133 0 0
134 0 0
135 0 0
136 0 0
137 0 0
138 0 0
139 0 0
140 0 0
141 0 0
142 0 0
143 0 0
144 0 0
145 0 0
146 0 0
147 0 0
148 0 0
149 0 0
150 0 0
151 0 0
152 0 0
153 0 0
154 0 0
155 0 0
156 0 0
157 0 0
158 0 0
159 0 0
160 0 0
161 0 0
162 0 0
163 0 0
164 0 0
165 0 0
166 0 0
167 0 0
168 0 0
169 0 0
170 0 0
171 0 0
172 0 0
173 0 0
174 0 0
175 0 0
176 0 0
177 0 0
178 0 0
179 0 0
180 0 0
181 0 0
182 0 0
183 0 0
184 0 0
185 0 0
186 0 0
187 0 0
188 0 0
189 0 0
190 0 0
191 0 0
192 0 0
193 0 0
194 0 0
195 0 0
196 0 0
197 0 0
198 0 0
199 0 0
200 0 0
201 0 0
202 0 0
203 0 0
204 0 0
205 0 0
206 0 0
207 0 0
208 0 0
209 0 0
210 0 0
211 0 0
212 0 0
213 0 0
214 0 0
215 0 0
216 0 0
217 0 0
218 0 0
219 0 0
220 0 0
221 0 0
222 0 0
223 0 0
224 0 0
225 0 0
226 0 0
227 0 0
228 0 0
229 0 0
230 0 0
231 0 0
232 0 0
233 0 0
234 0 0
235 0 0
236 0 0
237 0 0
238 0 0
239 0 0
240 0 0
241 0 0
242 0 0
243 0 0
244 0 0
245 0 0
246 0 0
247 0 0
248 0 0
249 0 0
250 0 0
251 0 0
252 0 0
253 0 0
254 0 0
255 0 0
256 0 0
257 0 0
258 0 0
259 0 0
260 0 0
261 0 0
262 0 0
263 0 0
264 0 0
265 0 0
266 0 0
267 0 0
268 0 0
269 0 0
270 0 0
271 0 0
272 0 0
273 0 0
274 0 0
275 0 0
276 0 0
277 0 0
278 0 0
279 0 0
280 0 0
281 0 0
282 0 0
283 0 0
284 0 0
285 0 0
286 0 0
287 0 0
288 0 0
289 0 0
290 0 0
291 0 0
292 0 0
293 0 0
294 0 0
295 0 0
296 0 0
297 0 0
298 0 0
299 0 0
300 0 0
301 0 0
302 0 0
303 0 0
304 0 0
305 0 0
306 0 0
307 0 0
308 0 0
309 0 0
310 0 0
311 0 0
312 0 0
313 0 0
314 0 0
315 0 0
316 0 0
317 0 0
318 0 0
319 0 0
320 0 0
321 0 0
322 0 0
323 0 0
324 0 0
325 0 0
326 0 0
327 0 0
328 0 0
329 0 0
330 0 0
331 0 0
332 0 0
333 0 0
334 0 0
335 0 0
336 0 0
337 0 0
338 0 0
339 0 0
340 0 0
341 0 0
342 0 0
343 0 0
344 0 0
345 0 0
346 0 0
347 0 0
348 0 0
349 0 0
350 0 0
351 0 0
352 0 0
353 0 0
354 0 0
355 0 0
356 0 0
357 0 0
358 0 0
359 0 0
360 0 0
361 0 0
362 0 0
363 0 0
364 0 0
365 0 0
366 0 0
367 0 0
368 0 0
369 0 0
370 0 0
371 0 0
372 0 0
373 0 0
374 0 0
375 0 0
376 0 0
377 0 0
378 0 0
379 0 0
380 0 0
381 0 0
382 0 0
383 0 0
384 0 0
385 0 0
386 0 0
387 0 0
388 0 0
389 0 0
390 0 0
391 0 0
392 0 0
393 0 0
394 0 0
395 0 0
396 0 0
397 0 0
398 0 0
399 0 0
400 0 0
401 0 0
402 0 0
403 0 0
404 0 0
405 0 0
406 0 0
407 0 0
408 0 0
409 0 0
410 0 0
411 0 0
412 0 0
413 0 0
414 0 0
415 0 0
416 0 0
417 0 0
418 0 0
419 0 0
420 0 0
421 0 0
422 0 0
423 0 0
424 0 0
425 0 0
426 0 0
427 0 0
428 0 0
429 0 0
430 0 0
431 0 0
432 0 0
433 0 0
434 0 0
435 0 0
436 0 0
437 0 0
438 0 0
439 0 0
440 0 0
441 0 0
442 0 0
443 0 0
444 0 0
445 0 0
446 0 0
447 0 0
448 0 0
449 0 0
450 0 0
451 0 0
452 0 0
453 0 0
454 0 0
455 0 0
456 0 0
457 0 0
458 0 0
459 0 0
460 0 0
461 0 0
462 0 0
463 0 0
464 0 0
465 0 0
466 0 0
467 0 0
468 0 0
469 0 0
470 0 0
471 0 0
472 0 0
473 0 0
474 0 0
475 0 0
476 0 0
477 0 0
478 0 0
479 0 0
480 0 0
481 0 0
482 0 0
483 0 0
484 0 0
485 0 0
486 0 0
487 0 0
488 0 0
489 0 0
490 0 0
491 0 0
492 0 0
493 0 0
494 0 0
495 0 0
496 0 0
497 0 0
498 0 0
499 0 0
500 0 0
501 0 0
502 0 0
503 0 0
504 0 0
505 0 0
506 0 0
507 0 0
508 0 0
509 0 0
510 0 0
511 0 0
512 0 0
513 0 0
514 0 0
515 0 0
516 0 0
517 0 0
518 0 0
519 0 0
520 0 0
521 0 0
522 0 0
523 0 0
524 0 0
525 0 0
526 0 0
527 0 0
528 0 0
529 0 0
530 0 0
531 0 0
532 0 0
533 0 0
534 0 0
535 0 0
536 0 0
537 0 0
538 0 0
539 0 0
540 0 0
541 0 0
542 0 0
543 0 0
544 0 0
545 0 0
546 0 0
547 0 0
548 0 0
549 0 0
550 0 0
551 0 0
552 0 0
553 0 0
554 0 0
555 0 0
556 0 0
557 0 0
558 0 0
559 0 0
560 0 0
561 0 0
562 0 0
563 0 0
564 0 0
565 0 0
566 0 0
567 0 0
568 0 0
569 0 0
570 0 0
571 0 0
572 0 0
573 0 0
574 0 0
575 0 0
576 0 0
577 0 0
578 0 0
579 0 0
580 0 0
581 0 0
582 0 0
583 0 0
584 0 0
585 0 0
586 0 0
587 0 0
588 0 0
589 0 0
590 0 0
591 0 0
592 0 0
593 0 0
594 0 0
595 0 0
596 0 0
597 0 0
598 0 0
599 0 0
600 0 0
601 0 0
602 0 0
603 0 0
604 0 0
605 0 0
606 0 0
607 0 0
608 0 0
609 0 0
610 0 0
611 0 0
612 0 0
613 0 0
614 0 0
615 0 0
616 0 0
617 0 0
618 0 0
619 0 0
620 0 0
621 0 0
622 0 0
623 0 0
624 0 0
625 0 0
626 0 0
627 0 0
628 0 0
629 0 0
630 0 0
631 0 0
632 0 0
633 0 0
634 0 0
635 0 0
636 0 0
637 0 0
638 0 0
639 0 0
640 0 0
641 0 0
642 0 0
643 0 0
644 0 0
645 0 0
646 0 0
647 0 0
648 0 0
649 0 0
650 0 0
651 0 0
652 0 0
653 0 0
654 0 0
655 0 0
656 0 1
657 0 1
658 0 1
659 0 1
660 0 1
661 0 1
662 0 1
663 0 1
664 0 1
665 0 1
666 0 1
667 0 1
668 0 1
669 0 1
670 0 1
671 0 1
672 0 1
673 0 1
674 0 1
675 0 1
676 0 1
677 0 1
678 0 1
679 0 1
680 0 1
681 0 1
682 0 1
683 0 1
684 0 1
685 0 1
686 0 1
687 0 1
688 0 1
689 0 1
690 0 1
691 0 1
692 0 1
693 0 1
694 0 1
695 0 1
696 0 1
697 0 1
698 0 1
699 0 1
700 0 1
701 0 1
702 0 1
703 0 1
704 0 1
705 0 1
706 0 1
707 0 1
708 0 1
709 0 1
710 0 1
711 0 1
712 0 1
713 0 1
714 0 1
715 0 1
716 0 1
717 0 1
718 0 1
719 0 1
720 0 1
721 0 1
722 0 1
723 0 1
724 0 1
725 0 1
726 0 1
727 0 1
728 0 1
729 0 1
730 0 1
731 0 1
732 0 1
733 0 1
734 0 1
735 0 1
736 0 1
737 0 1
738 0 1
739 0 1
740 0 1
741 0 1
742 0 1
743 0 1
744 0 1
745 0 1
746 0 1
747 0 1
748 0 1
749 0 1
750 0 1
751 0 1
752 0 1
753 0 1
754 0 1
755 0 1
756 0 1
757 0 1
758 0 1
759 0 1
760 0 1
761 0 1
762 0 1
763 0 1
764 0 1
765 0 1
766 0 1
767 0 1
768 0 1
769 0 1
770 0 1
771 0 1
772 0 1
773 0 1
774 0 1
775 0 1
776 0 1
777 0 1
778 0 1
779 0 1
780 0 1
781 0 1
782 0 1
783 0 1
784 0 1
785 0 1
786 0 1
787 0 1
788 0 1
789 0 1
790 0 1
791 0 1
792 0 1
793 0 1
794 0 1
795 0 1
796 0 1
797 0 1
798 0 1
799 0 1
800 0 1
801 0 1
802 0 1
803 0 1
804 0 1
805 0 1
806 0 1
807 0 1
808 0 1
809 0 1
810 0 1
811 0 1
812 0 1
813 0 1
814 0 1
815 0 1
816 0 1
817 0 1
818 0 1
819 0 1
820 0 1
821 0 1
822 0 1
823 0 1
824 0 1
825 0 1
826 0 1
827 0 1
828 0 1
829 0 1
830 0 1
831 0 1
832 0 1
833 0 1
834 0 1
835 0 1
836 0 1
837 0 1
838 0 1
839 0 1
840 0 1
841 0 1
842 0 1
843 0 1
844 0 1
845 0 1
846 0 1
847 0 1
848 0 1
849 0 1
850 0 1
851 0 1
852 0 1
853 0 1
854 0 1
855 0 1
856 0 1
857 0 1
858 0 1
859 0 1
860 0 1
861 0 1
862 0 1
863 0 1
864 0 1
865 0 1
866 0 1
867 0 1
868 0 1
869 0 1
870 0 1
871 0 1
872 0 1
873 0 1
874 0 1
875 0 1
876 0 1
877 0 1
878 0 1
879 0 1
880 0 1
881 0 1
882 0 1
883 0 1
884 0 1
885 0 1
886 0 1
887 0 1
888 0 1
889 0 1
890 0 1
891 0 1
892 0 1
893 0 1
894 0 1
895 0 1
896 0 1
897 0 1
898 0 1
899 0 1
900 0 1
901 0 1
902 0 1
903 0 1
904 0 1
905 0 1
906 0 1
907 1 1
908 1 1
909 1 1
910 1 1
911 1 1
912 1 1
913 1 1
914 1 1
915 1 1
916 1 1
917 1 1
918 1 1
919 1 1
920 1 1
921 1 1
922 1 1
923 1 1
924 1 1
925 1 1
926 1 1
927 1 1
928 1 1
929 1 1
930 1 1
931 1 1
932 1 1
933 1 1
934 1 1
935 1 1
936 1 1
937 1 1
938 1 1
939 1 1
940 1 1
941 1 1
942 1 1
943 1 1
944 1 1
945 1 1
946 1 1
947 1 1
948 1 1
949 1 1
950 1 1
951 1 1
952 1 1
953 1 1
954 1 1
955 1 1
956 1 1
957 1 1
958 1 1
959 1 1
960 1 1
961 1 1
962 1 1
963 1 1
964 1 1
965 1 1
966 1 1
967 1 1
968 1 1
969 1 1
970 1 1
971 1 1
972 1 1
973 1 1
974 1 1
975 1 1
976 1 1
977 1 1
978 1 1
979 1 1
980 1 1
981 1 1
982 1 1
983 1 1
984 1 1
985 1 1
986 1 1
987 1 1
988 1 1
989 1 1
990 1 1
991 1 1
992 1 1
993 1 1
994 1 1
995 1 1
996 1 1
997 1 1
998 1 1
999 1 1
1000 1 1
1001 1 1
1002 1 1
1003 1 1
1004 1 1
1005 1 1
1006 1 1
1007 1 1
1008 1 1
1009 1 1
1010 1 1
1011 1 1
1012 1 1
1013 1 1
1014 1 1
1015 1 1
1016 1 1
1017 1 1
1018 1 1
1019 1 1
1020 1 1
1021 1 1
1022 1 1
1023 1 1
1024 1 1
1025 1 1
1026 1 1
1027 1 1
1028 1 1
1029 1 1
1030 1 1
1031 1 1
1032 1 1
1033 1 1
1034 1 1
1035 1 1
1036 1 1
1037 1 1
1038 1 1
1039 1 1
1040 1 1
1041 1 1
1042 1 1
1043 1 1
1044 1 1
1045 1 1
1046 1 1
1047 1 1
1048 1 1
1049 1 1
1050 1 1
1051 1 1
1052 1 1
1053 1 1
1054 1 1
1055 1 1
1056 1 1
1057 1 1
1058 1 1
1059 1 1
1060 1 1
1061 1 1
1062 1 1
1063 1 1
1064 1 1
1065 1 1
1066 1 1
1067 1 1
1068 1 1
1069 1 1
1070 1 1
1071 1 1
1072 1 1
1073 1 1
1074 1 1
1075 1 1
1076 1 1
1077 1 1
1078 1 1
1079 1 1
1080 1 1
1081 1 1
1082 1 1
1083 1 1
1084 1 1
1085 1 1
1086 1 1
1087 1 1
1088 1 1
1089 1 1
1090 1 1
1091 1 1
1092 1 1
1093 1 1
1094 1 1
1095 1 1
1096 1 1
1097 1 1
1098 1 1
1099 1 1
1100 1 1
1101 1 1
1102 1 1
1103 1 1
1104 1 1
1105 1 1
1106 1 1
1107 1 1
1108 1 1
1109 1 1
1110 1 1
1111 1 1
1112 1 1
1113 1 1
1114 1 1
1115 1 1
1116 1 1
1117 1 1
1118 1 1
1119 1 1
1120 1 1
1121 1 1
1122 1 1
1123 1 1
1124 1 1
1125 1 1
1126 1 1
1127 1 1
1128 1 1
1129 1 1
1130 1 1
1131 1 1
1132 1 1
1133 1 1
1134 1 1
1135 1 1
1136 1 1
1137 1 1
1138 1 1
1139 1 1
1140 1 1
1141 1 1
1142 1 1
1143 1 1
1144 1 1
1145 1 2
1146 1 2
1147 1 2
1148 1 2
1149 1 2
1150 1 2
1151 1 2
1152 1 2
1153 1 2
1154 1 2
1155 1 2
1156 1 2
1157 1 2
1158 1 2
1159 1 2
1160 1 2
1161 1 2
1162 1 2
1163 1 2
1164 1 2
1165 1 2
1166 1 2
1167 1 2
1168 1 2
1169 1 2
1170 1 2
1171 1 2
1172 1 2
1173 1 2
1174 1 2
1175 1 2
1176 1 2
1177 1 2
1178 1 2
1179 1 2
1180 1 2
1181 1 2
1182 1 2
1183 1 2
1184 1 2
1185 1 2
1186 1 2
1187 1 2
1188 1 2
1189 1 2
1190 1 2
1191 1 2
1192 1 2
1193 1 2
1194 1 2
1195 1 2
1196 1 2
1197 1 2
1198 1 2
1199 1 2
1200 1 2
1201 1 2
1202 1 2
1203 1 2
1204 1 2
1205 1 2
1206 1 2
1207 1 2
1208 1 2
1209 1 2
1210 1 2
1211 1 2
1212 1 2
1213 1 2
1214 1 2
1215 1 2
1216 1 2
1217 1 2
1218 1 2
1219 1 2
1220 1 2
1221 1 2
1222 1 2
1223 1 2
1224 1 2
1225 1 2
1226 1 2
1227 1 2
1228 1 2
1229 1 2
1230 1 2
1231 1 2
1232 1 2
1233 1 2
1234 1 2
1235 1 2
1236 1 2
1237 1 2
1238 1 2
1239 1 2
1240 1 2
1241 1 2
1242 1 2
1243 1 2
1244 1 2
1245 1 2
1246 1 2
1247 1 2
1248 1 2
1249 1 2
1250 1 3
1251 1 3
1252 1 3
1253 1 3
1254 1 3
1255 1 3
1256 1 3
1257 1 3
1258 1 3
1259 1 3
1260 1 3
1261 1 3
1262 1 3
1263 1 3
1264 1 3
1265 1 3
1266 1 3
1267 1 3
1268 1 3
1269 1 3
1270 1 3
1271 1 3
1272 1 3
1273 1 3
1274 1 3
1275 1 3
1276 1 3
1277 1 3
1278 1 3
1279 1 3
1280 1 3
1281 1 3
1282 1 3
1283 1 3
1284 1 3
1285 1 3
1286 1 3
1287 1 3
1288 1 3
1289 1 3
1290 1 3
1291 1 3
1292 2 3
1293 2 3
1294 2 3
1295 2 3
1296 2 3
1297 2 3
1298 2 3
1299 2 3
1300 2 3
1301 2 3
1302 2 3
1303 2 3
1304 2 3
1305 2 3
1306 2 3
1307 2 3
1308 2 3
1309 2 3
1310 2 3
1311 2 3
1312 2 3
1313 2 3
1314 2 3
1315 2 3
1316 2 3
1317 2 3
1318 2 3
1319 2 3
1320 2 3
1321 2 3
1322 2 3
1323 2 3
1324 2 3
1325 2 3
1326 2 3
1327 2 3
1328 2 3
1329 2 3
1330 2 3
1331 2 3
1332 2 3
1333 2 3
1334 2 3
1335 2 3
1336 2 3
1337 2 3
1338 2 3
1339 2 3
1340 2 3
1341 2 3
1342 2 3
1343 2 3
1344 2 3
1345 2 3
1346 2 3
1347 2 3
1348 2 3
1349 2 3
1350 2 3
1351 2 3
1352 2 4
1353 2 4
1354 2 4
1355 2 4
1356 2 4
1357 2 4
1358 2 4
1359 2 4
1360 2 4
1361 2 4
1362 2 4
1363 2 4
1364 2 4
1365 2 4
1366 2 4
1367 2 4
1368 2 4
1369 2 4
1370 2 4
1371 2 4
1372 2 4
1373 2 4
1374 2 4
1375 2 4
1376 2 4
1377 2 4
1378 2 4
1379 2 4
1380 2 4
1381 2 4
1382 2 4
1383 2 4
1384 2 4
1385 2 5
1386 2 5
1387 2 5
1388 2 5
1389 2 5
1390 2 4
1391 2 4
1392 2 4
1393 2 4
1394 2 4
1395 2 4
1396 2 4
1397 2 4
1398 2 4
1399 2 4
1400 2 4
1401 2 4
1402 2 4
1403 2 4
1404 2 5
1405 2 5
1406 2 5
1407 2 5
1408 2 5
1409 2 5
1410 2 5
1411 2 5
1412 2 5
1413 2 5
1414 2 5
1415 2 5
1416 2 5
1417 2 5
1418 2 5
1419 2 5
1420 2 5
1421 2 5
1422 2 5
1423 2 5
1424 2 5
1425 2 5
1426 2 5
1427 2 5
1428 2 5
1429 2 5
1430 2 6
1431 2 6
1432 2 6
1433 2 6
1434 2 6
1435 2 6
1436 2 6
1437 2 6
1438 2 6
1439 2 6
1440 2 6
1441 2 6
1442 2 6
1443 2 6
1444 2 6
1445 2 6
1446 2 6
1447 2 6
1448 2 6
1449 2 6
1450 2 6
1451 2 6
1452 2 6
1453 2 6
1454 2 6
1455 2 6
1456 2 6
1457 2 6
1458 2 6
1459 2 6
1460 2 6
1461 2 6
1462 2 6
1463 2 6
1464 2 6
1465 2 6
1466 2 6
1467 2 6
1468 2 6
1469 2 6
1470 2 6
1471 2 6
1472 2 6
1473 2 6
1474 2 6
1475 2 6
1476 2 6
1477 2 6
1478 2 6
1479 2 6
1480 2 6
1481 2 6
1482 2 6
1483 2 6
1484 2 6
1485 2 6
1486 2 6
1487 2 6
1488 2 6
1489 2 6
1490 2 6
1491 2 6
1492 2 6
1493 2 6
1494 2 6
1495 2 6
1496 2 6
1497 2 6
1498 2 6
1499 2 6
1500 2 6
1501 2 6
1502 2 6
1503 2 6
1504 2 6
1505 2 6
1506 2 6
1507 2 6
1508 2 6
1509 2 6
1510 2 6
1511 2 6
1512 2 6
1513 2 6
1514 2 6
1515 2 6
1516 2 6
1517 2 6
1518 2 7
1519 2 7
1520 2 7
1521 2 7
1522 2 7
1523 2 7
1524 2 7
1525 2 7
1526 2 7
1527 2 7
1528 2 7
1529 2 7
1530 2 7
1531 2 7
1532 2 7
1533 2 7
1534 2 7
1535 2 7
1536 2 8
1537 2 8
1538 2 8
1539 2 8
1540 2 8
1541 2 8
1542 2 8
1543 2 8
1544 2 8
1545 2 8
1546 2 8
1547 2 8
1548 2 8
1549 2 8
1550 2 8
1551 2 8
1552 2 8
1553 2 8
1554 2 8
1555 2 8
1556 2 8
1557 2 8
1558 2 8
1559 2 8
1560 2 8
1561 2 8
1562 2 8
1563 2 8
1564 2 8
1565 2 8
1566 2 8
1567 2 8
1568 2 8
1569 2 8
1570 2 8
1571 2 8
1572 2 8
1573 2 8
1574 2 8
1575 2 8
1576 2 8
1577 2 8
1578 2 8
1579 2 8
1580 2 8
1581 2 8
1582 2 8
1583 2 8
1584 3 8
1585 3 8
1586 3 8
1587 3 8
1588 3 9
1589 3 9
1590 3 9
1591 3 9
1592 3 9
1593 3 9
1594 3 9
1595 3 9
1596 3 9
1597 3 9
1598 3 9
1599 3 9
1600 3 9
1601 3 9
1602 3 9
1603 3 9
1604 3 9
1605 3 9
1606 3 9
1607 3 9
1608 3 9
1609 3 9
1610 3 9
1611 3 9
1612 3 9
1613 3 9
1614 3 9
1615 3 9
1616 3 9
1617 3 9
1618 3 9
1619 3 10
1620 3 10
1621 3 10
1622 3 10
1623 3 10
1624 3 10
1625 3 10
1626 3 10
1627 3 10
1628 3 10
1629 3 10
1630 3 10
1631 3 10
1632 3 10
1633 3 10
1634 3 10
1635 3 10
1636 3 10
1637 3 10
1638 3 10
1639 3 10
1640 3 10
1641 3 10
1642 3 10
1643 3 10
1644 3 10
1645 3 10
1646 3 10
1647 3 10
1648 3 10
1649 3 10
1650 3 10
1651 3 10
1652 3 10
1653 3 10
1654 3 10
1655 3 10
1656 3 10
1657 3 10
1658 3 10
1659 3 10
1660 3 10
1661 3 10
1662 3 10
1663 3 10
1664 3 10
1665 3 10
1666 3 10
1667 3 10
1668 3 10
1669 3 10
1670 3 10
1671 3 10
1672 3 10
1673 3 10
1674 3 10
1675 3 10
1676 3 10
1677 3 10
1678 3 10
1679 3 10
1680 3 10
1681 3 10
1682 3 11
1683 3 11
1684 3 11
1685 3 11
1686 3 11
1687 3 11
1688 3 11
1689 3 11
1690 3 11
1691 3 11
1692 3 11
1693 3 11
1694 3 11
1695 3 11
1696 3 11
1697 3 11
1698 3 11
1699 3 11
1700 3 11
1701 3 11
1702 3 11
1703 3 11
1704 3 11
1705 3 11
1706 3 11
1707 3 11
1708 3 11
1709 3 11
1710 3 11
1711 3 11
1712 3 11
1713 3 11
1714 3 11
1715 3 11
1716 3 11
1717 3 11
1718 3 11
1719 3 11
1720 3 11
1721 3 11
1722 3 11
1723 3 11
1724 3 11
1725 3 11
1726 3 11
1727 3 11
1728 3 11
1729 3 11
1730 3 11
1731 3 11
1732 3 11
1733 3 11
1734 3 11
1735 3 12
1736 3 12
1737 3 12
1738 3 12
1739 3 12
1740 3 12
1741 3 12
1742 3 12
1743 3 12
1744 3 12
1745 3 12
1746 3 12
1747 3 12
1748 3 12
1749 3 12
1750 3 12
1751 3 12
1752 3 12
1753 3 12
1754 3 12
1755 3 12
1756 3 12
1757 3 12
1758 3 12
1759 3 13
1760 3 13
1761 3 13
1762 3 13
1763 3 13
1764 3 13
1765 3 13
1766 3 13
1767 3 13
1768 3 13
1769 3 13
1770 3 13
1771 3 13
1772 3 13
1773 3 13
1774 3 13
1775 3 13
1776 3 13
1777 3 13
1778 3 13
1779 3 13
1780 3 13
1781 3 13
1782 3 13
1783 3 13
1784 3 13
1785 3 14
1786 3 14
1787 3 14
1788 3 14
1789 3 14
1790 3 14
1791 3 14
1792 3 14
1793 3 14
1794 3 14
1795 3 14
1796 3 14
1797 3 14
1798 3 14
1799 3 14
1800 3 14
1801 3 14
1802 3 14
1803 3 14
1804 3 14
1805 3 14
1806 3 14
1807 3 14
1808 3 14
1809 4 14
1810 4 14
1811 4 14
1812 4 14
1813 4 14
1814 4 14
1815 4 14
1816 4 14
1817 4 14
1818 4 14
1819 4 14
1820 4 14
1821 4 14
1822 4 14
1823 4 14
1824 4 14
1825 4 14
1826 4 14
1827 4 14
1828 4 14
1829 4 14
1830 4 15
1831 4 15
1832 4 15
1833 4 15
1834 4 15
1835 4 15
1836 4 15
1837 4 15
1838 4 15
1839 4 15
1840 4 15
1841 4 15
1842 4 15
1843 4 15
1844 4 15
1845 4 15
1846 4 15
1847 4 15
1848 4 15
1849 4 15
1850 4 15
1851 4 15
1852 4 15
1853 4 15
1854 4 15
1855 4 15
1856 4 15
1857 4 15
1858 4 15
1859 4 15
1860 4 15
1861 4 15
1862 4 15
1863 4 15
1864 4 15
1865 4 16
1866 4 16
1867 4 16
1868 4 16
1869 4 16
1870 4 16
1871 4 16
1872 4 16
1873 4 16
1874 4 16
1875 4 16
1876 4 16
1877 4 16
1878 4 16
1879 4 16
1880 4 16
1881 4 16
1882 4 16
1883 4 16
1884 4 16
1885 4 16
1886 4 16
1887 4 16
1888 4 16
1889 4 16
1890 4 16
1891 4 16
1892 4 16
1893 4 16
1894 4 16
1895 4 16
1896 4 17
1897 4 17
1898 4 17
1899 4 17
1900 4 17
1901 4 17
1902 4 17
1903 4 17
1904 4 17
1905 4 17
1906 4 17
1907 4 17
1908 4 17
1909 4 17
1910 4 17
1911 4 17
1912 4 17
1913 4 17
1914 4 17
1915 4 17
1916 4 17
1917 4 17
1918 4 17
1919 4 17
1920 4 17
1921 4 18
1922 4 18
1923 4 18
1924 4 18
1925 4 18
1926 4 18
1927 4 18
1928 4 18
1929 4 18
1930 4 18
1931 4 18
1932 4 18
1933 4 18
1934 4 18
1935 4 18
1936 4 18
1937 4 18
1938 4 18
1939 4 18
1940 4 18
1941 4 18
1942 4 18
1943 4 18
1944 4 18
1945 4 18
1946 4 18
1947 4 18
1948 4 18
1949 4 19
1950 4 19
1951 4 19
1952 4 19
1953 4 19
1954 5 19
1955 5 19
1956 5 19
1957 5 19
1958 5 19
1959 5 19
1960 5 19
1961 5 19
1962 5 19
1963 5 19
1964 5 19
1965 5 20
1966 5 19
1967 5 19
1968 5 19
1969 5 19
1970 5 19
1971 5 19
1972 5 19
1973 5 19
1974 5 19
1975 5 19
1976 5 19
1977 5 19
1978 5 19
1979 5 19
1980 5 19
1981 5 19
1982 5 19
1983 5 19
1984 5 19
1985 5 19
1986 5 19
1987 5 19
1988 5 19
1989 5 19
1990 5 19
1991 5 19
1992 5 19
1993 5 19
1994 5 19
1995 5 19
1996 5 19
1997 5 19
1998 5 19
1999 5 19
2000 5 19
2001 5 19
2002 5 19
2003 5 19
2004 5 19
2005 5 19
2006 5 19
2007 5 19
2008 5 19
2009 5 19
2010 5 19
2011 5 19
2012 5 19
2013 5 19
2014 5 19
2015 5 19
2016 5 19
2017 5 19
2018 5 19
2019 5 19
2020 5 19
2021 5 19
2022 5 19
2023 5 19
2024 5 19
2025 5 19
2026 5 19
2027 5 19
2028 5 19
2029 5 19
2030 5 19
2031 5 19
2032 5 19
2033 5 19
2034 5 19
2035 5 19
2036 5 19
2037 5 20
2038 5 20
2039 5 20
2040 5 20
2041 5 20
2042 5 20
2043 5 20
2044 5 20
2045 5 20
2046 5 20
2047 5 20
2048 5 20
2049 5 20
2050 5 20
2051 5 20
2052 5 20
2053 5 20
2054 5 20
2055 5 20
2056 5 20
2057 5 20
2058 5 20
2059 5 20
2060 5 20
2061 5 21
2062 5 21
2063 5 21
2064 5 21
2065 5 21
2066 5 21
2067 5 21
2068 5 21
2069 5 21
2070 5 21
2071 5 21
2072 5 21
2073 5 21
2074 5 21
2075 5 21
2076 5 21
2077 5 21
2078 5 21
2079 5 21
2080 5 21
2081 5 21
2082 5 21
2083 5 21
2084 5 21
2085 5 22
2086 5 22
2087 5 22
2088 5 22
2089 5 22
2090 5 22
2091 5 22
2092 5 22
2093 5 22
2094 5 22
2095 5 22
2096 5 22
2097 5 22
2098 5 22
2099 5 22
2100 5 22
2101 5 22
2102 5 22
2103 5 22
2104 5 22
2105 5 22
2106 5 22
2107 5 22
2108 5 22
2109 5 23
2110 5 23
2111 5 23
2112 5 23
2113 5 23
2114 5 23
2115 5 23
2116 5 23
2117 5 23
2118 5 23
2119 5 23
2120 5 23
2121 5 23
2122 5 23
2123 6 23
2124 6 23
2125 6 23
2126 6 23
2127 6 23
2128 6 23
2129 6 23
2130 6 23
2131 6 23
2132 6 23
2133 6 23
2134 6 23
2135 6 23
2136 6 23
2137 6 23
2138 6 23
2139 6 23
2140 6 23
2141 6 23
2142 6 23
2143 6 23
2144 6 23
2145 6 23
2146 6 23
2147 6 23
2148 6 23
2149 6 23
2150 6 23
2151 6 23
2152 6 23
2153 6 23
2154 6 24
2155 6 24
2156 6 24
2157 6 24
2158 6 24
2159 6 24
2160 6 24
2161 6 24
2162 6 24
2163 6 24
2164 6 24
2165 6 24
2166 6 24
2167 6 24
2168 6 24
2169 6 24
2170 6 24
2171 6 24
2172 6 24
2173 6 24
2174 6 24
2175 6 24
2176 6 24
2177 6 24
2178 6 24
2179 6 24
2180 6 24
2181 6 24
2182 6 24
2183 6 24
2184 6 25
2185 6 25
2186 6 25
2187 6 25
2188 6 25
2189 6 25
2190 6 25
2191 6 25
2192 6 25
2193 6 25
2194 6 25
2195 6 25
2196 6 25
2197 6 25
2198 6 25
2199 6 25
2200 6 25
2201 6 25
2202 6 25
2203 6 25
2204 6 25
2205 6 25
2206 6 25
2207 6 25
2208 6 25
2209 6 25
2210 6 25
2211 6 25
2212 6 25
2213 6 25
2214 6 25
2215 6 25
2216 6 25
2217 6 25
2218 6 25
2219 6 26
2220 6 26
2221 6 26
2222 6 26
2223 6 26
2224 6 26
2225 6 26
2226 6 26
2227 6 26
2228 6 26
2229 6 26
2230 6 26
2231 6 26
2232 6 26
2233 6 26
2234 6 26
2235 6 26
2236 6 26
2237 6 26
2238 6 26
2239 6 26
2240 6 26
2241 6 26
2242 6 26
2243 6 26
2244 7 26
2245 7 26
2246 7 26
2247 7 26
2248 7 26
2249 7 26
2250 7 26
2251 7 26
2252 7 26
2253 7 26
2254 7 26
2255 7 26
2256 7 26
2257 7 26
2258 7 26
2259 7 26
2260 7 26
2261 7 26
2262 7 26
2263 7 26
2264 7 26
2265 7 26
2266 7 26
2267 7 26
2268 7 26
2269 7 26
2270 7 26
2271 7 26
2272 7 26
2273 7 27
2274 7 27
2275 7 27
2276 7 27
2277 7 27
2278 7 27
2279 7 27
2280 7 27
2281 7 27
2282 7 27
2283 7 27
2284 7 27
2285 7 27
2286 7 27
2287 7 27
2288 7 27
2289 7 27
2290 7 27
2291 7 27
2292 7 27
2293 7 27
2294 7 27
2295 7 27
2296 7 27
2297 7 28
2298 7 28
2299 7 28
2300 7 28
2301 7 28
2302 7 28
2303 7 28
2304 7 28
2305 7 28
2306 7 28
2307 7 28
2308 7 28
2309 7 28
2310 7 28
2311 7 28
2312 7 28
2313 7 28
2314 7 28
2315 7 28
2316 7 28
2317 7 28
2318 7 28
2319 7 28
2320 7 28
2321 7 28
2322 7 28
2323 7 28
2324 7 28
2325 7 28
2326 7 28
2327 7 28
2328 7 28
2329 7 28
2330 7 28
2331 7 28
2332 7 28
2333 7 28
2334 7 28
2335 7 28
2336 7 29
2337 7 29
2338 7 29
2339 7 29
2340 7 29
2341 7 29
2342 7 29
2343 7 29
2344 7 29
2345 7 29
2346 8 29
2347 8 29
2348 8 29
2349 8 29
2350 8 29
2351 8 29
2352 8 29
2353 8 29
2354 8 29
2355 8 29
2356 8 29
2357 8 29
2358 8 29
2359 8 29
2360 8 29
2361 8 29
2362 8 29
2363 8 29
2364 8 29
2365 8 29
2366 8 29
2367 8 29
2368 8 29
2369 8 29
2370 8 29
2371 8 29
2372 8 29
2373 8 29
2374 8 29
2375 8 29
2376 8 29
2377 8 29
2378 8 29
2379 8 29
2380 8 29
2381 8 29
2382 8 29
2383 8 29
2384 8 29
2385 8 29
2386 8 29
2387 8 29
2388 8 29
2389 8 29
2390 8 29
2391 8 29
2392 8 29
2393 8 29
2394 8 29
2395 8 29
2396 8 30
2397 8 30
2398 8 30
2399 8 30
2400 8 30
2401 8 30
2402 8 30
2403 8 30
2404 8 30
2405 8 30
2406 8 30
2407 8 30
2408 8 30
2409 8 30
2410 8 30
2411 8 30
2412 8 30
2413 8 30
2414 8 30
2415 8 30
2416 8 30
2417 8 30
2418 8 30
2419 8 30
2420 8 30
2421 8 30
2422 8 30
2423 8 30
2424 8 30
2425 8 30
2426 8 30
2427 8 31
2428 8 31
2429 8 31
2430 8 31
2431 8 31
2432 8 31
2433 8 31
2434 8 31
2435 8 31
2436 8 31
2437 8 31
2438 9 31
2439 9 31
2440 9 31
2441 9 31
2442 9 31
2443 9 31
2444 9 31
2445 9 31
2446 9 31
2447 9 31
2448 9 31
2449 9 31
2450 9 32
2451 9 32
2452 9 32
2453 9 32
2454 9 32
2455 9 32
2456 9 32
2457 9 32
2458 9 32
2459 9 32
2460 9 32
2461 9 32
2462 9 32
2463 9 32
2464 9 32
2465 9 32
2466 9 32
2467 9 32
2468 9 32
2469 9 32
2470 9 32
2471 9 32
2472 9 32
2473 9 32
2474 9 32
2475 9 32
2476 9 32
2477 9 32
2478 9 32
2479 9 32
2480 9 32
2481 9 32
2482 9 32
2483 9 32
2484 9 32
2485 9 32
2486 9 32
2487 9 32
2488 9 32
2489 9 32
2490 9 32
2491 9 32
2492 9 32
2493 9 32
2494 9 32
2495 9 32
2496 9 32
2497 9 33
2498 9 33
2499 9 33
2500 9 33
2501 10 33
2502 10 33
2503 10 33
2504 10 33
2505 10 33
2506 10 33
2507 10 33
2508 10 33
2509 10 33
2510 10 33
2511 10 33
2512 10 33
2513 10 33
2514 10 33
2515 10 33
2516 10 33
2517 10 33
2518 10 33
2519 10 33
2520 10 33
2521 10 33
2522 10 33
2523 10 33
2524 10 33
2525 10 33
2526 10 33
2527 10 33
2528 10 33
2529 10 33
2530 10 33
2531 10 33
2532 10 33
2533 10 33
2534 10 33
2535 10 33
2536 10 33
2537 10 33
2538 10 33
2539 10 33
2540 10 33
2541 10 33
2542 10 33
2543 10 33
2544 10 33
2545 10 33
2546 10 33
2547 10 33
2548 10 33
2549 10 33
2550 10 33
2551 10 33
2552 10 33
2553 10 34
2554 10 34
2555 10 34
2556 10 34
2557 10 34
2558 10 34
2559 10 34
2560 10 34
2561 10 34
2562 10 34
2563 10 34
2564 10 34
2565 10 34
2566 10 34
2567 10 34
2568 10 34
2569 10 34
2570 10 34
2571 10 34
2572 10 34
2573 10 34
2574 10 34
2575 10 34
2576 10 34
2577 11 34
2578 11 34
2579 11 34
2580 11 34
2581 11 34
2582 11 34
2583 11 34
2584 11 34
2585 11 34
2586 11 34
2587 11 34
2588 11 34
2589 11 34
2590 11 34
2591 11 34
2592 11 34
2593 11 34
2594 11 34
2595 11 34
2596 11 34
2597 11 34
2598 11 34
2599 11 34
2600 11 34
2601 11 34
2602 11 34
2603 11 34
2604 11 34
2605 11 34
2606 11 34
2607 11 34
2608 11 34
2609 11 34
2610 11 34
2611 11 34
2612 11 34
2613 11 35
2614 11 35
2615 11 35
2616 11 35
2617 11 35
2618 11 35
2619 11 35
2620 11 35
2621 11 35
2622 11 35
2623 11 35
2624 11 35
2625 11 35
2626 11 35
2627 11 35
2628 11 35
2629 11 35
2630 11 35
2631 11 35
2632 11 35
2633 11 35
2634 11 35
2635 11 35
2636 11 35
2637 12 35
2638 12 35
2639 12 35
2640 12 35
2641 12 35
2642 12 35
2643 12 36
2644 12 36
2645 12 36
2646 12 36
2647 12 36
2648 12 36
2649 12 36
2650 12 36
2651 12 36
2652 12 36
2653 12 36
2654 12 36
2655 12 36
2656 12 36
2657 12 36
2658 12 36
2659 12 36
2660 12 36
2661 12 36
2662 12 36
2663 12 36
2664 12 36
2665 12 36
2666 12 36
2667 12 36
2668 12 36
2669 12 36
2670 12 36
2671 12 37
2672 12 37
2673 12 37
2674 12 37
2675 12 37
2676 12 37
2677 12 37
2678 12 37
2679 12 37
2680 12 37
2681 12 37
2682 12 37
2683 12 37
2684 12 37
2685 13 37
2686 13 37
2687 13 37
2688 13 37
2689 13 37
2690 13 37
2691 13 37
2692 13 37
2693 13 37
2694 13 37
2695 13 37
2696 13 37
2697 13 37
2698 13 37
2699 13 37
2700 13 37
2701 13 37
2702 13 37
2703 13 37
2704 13 37
2705 13 37
2706 13 37
2707 13 37
2708 13 37
2709 13 37
2710 13 37
2711 13 37
2712 13 37
2713 13 37
2714 13 37
2715 13 37
2716 13 37
2717 13 37
2718 13 37
2719 13 37
2720 13 37
2721 13 37
2722 13 37
2723 13 37
2724 13 37
2725 13 37
2726 13 37
2727 13 37
2728 13 37
2729 13 37
2730 13 37
2731 13 37
2732 13 37
2733 13 37
2734 13 37
2735 13 37
2736 13 37
2737 13 37
2738 13 37
2739 13 37
2740 13 37
2741 13 37
2742 13 37
2743 13 37
2744 13 37
2745 13 37
2746 13 37
2747 13 37
2748 13 37
2749 13 37
2750 13 37
2751 13 37
2752 13 37
2753 13 37
2754 13 37
2755 13 37
2756 13 37
2757 13 37
2758 13 37
2759 13 37
2760 13 37
2761 14 37
2762 14 37
2763 14 37
2764 14 37
2765 14 37
2766 14 37
2767 14 37
2768 14 37
2769 14 37
2770 14 37
2771 14 37
2772 14 37
2773 14 37
2774 14 37
2775 14 37
2776 14 37
2777 14 37
2778 14 37
2779 14 37
2780 14 37
2781 14 37
2782 14 38
2783 14 38
2784 15 38
2785 15 38
2786 15 38
2787 15 38
2788 15 38
2789 15 38
2790 15 38
2791 15 38
2792 15 38
2793 15 38
2794 15 38
2795 15 38
2796 15 38
2797 15 38
2798 15 38
2799 15 38
2800 15 38
2801 15 38
2802 15 38
2803 15 38
2804 15 38
2805 15 38
2806 15 38
2807 15 38
2808 15 39
2809 15 39
2810 15 39
2811 15 39
2812 15 39
2813 15 39
2814 15 39
2815 15 39
2816 15 39
2817 15 39
2818 15 39
2819 15 39
2820 16 39
2821 16 39
2822 16 39
2823 16 39
2824 16 39
2825 16 39
2826 16 39
2827 16 39
2828 16 39
2829 16 39
2830 16 39
2831 16 39
2832 16 39
2833 16 39
2834 16 39
2835 16 39
2836 16 39
2837 16 39
2838 16 39
2839 17 39
2840 17 39
2841 17 39
2842 17 39
2843 17 40
2844 17 40
2845 17 40
2846 17 40
2847 17 40
2848 17 40
2849 17 40
2850 17 40
2851 17 40
2852 17 40
2853 17 40
2854 17 40
2855 17 40
2856 17 40
2857 17 40
2858 17 40
2859 17 40
2860 18 40
2861 18 40
2862 18 40
2863 18 40
2864 18 40
2865 18 40
2866 18 40
2867 18 40
2868 18 40
2869 18 40
2870 18 40
2871 18 40
2872 18 40
2873 18 40
2874 18 40
2875 18 40
2876 18 40
2877 18 40
2878 18 40
2879 18 40
2880 18 40
2881 18 40
2882 18 40
2883 18 40
2884 18 40
2885 18 41
2886 18 41
2887 18 41
2888 18 41
2889 18 41
2890 18 41
2891 18 41
2892 18 41
2893 18 41
2894 19 41
2895 19 41
2896 19 41
2897 19 41
2898 19 41
2899 19 41
2900 19 41
2901 19 41
2902 19 41
2903 19 41
2904 19 41
2905 19 41
2906 19 41
2907 19 41
2908 19 41
2909 19 41
2910 19 41
2911 19 41
2912 19 41
2913 20 41
2914 20 41
2915 20 41
2916 20 41
2917 20 41
2918 20 41
2919 20 41
2920 20 41
2921 20 41
2922 20 41
2923 20 41
2924 20 41
2925 20 41
2926 20 41
2927 20 41
2928 20 41
2929 20 41
2930 20 41
2931 20 41
2932 20 41
2933 20 42
2934 20 42
2935 20 42
2936 21 42
2937 21 42
2938 21 42
2939 21 42
2940 21 42
2941 21 42
2942 21 42
2943 21 42
2944 21 42
2945 21 42
2946 21 42
2947 21 42
2948 22 42
2949 22 42
2950 22 42
2951 22 42
2952 22 42
2953 22 42
2954 22 42
2955 22 42
2956 23 42
2957 23 42
2958 23 42
2959 23 42
2960 23 42
2961 23 42
2962 23 42
2963 23 42
2964 23 42
2965 23 42
2966 24 42
2967 24 42
2968 24 42
2969 24 42
2970 24 42
2971 24 42
2972 24 42
2973 24 42
2974 24 42
2975 24 42
2976 24 42
2977 24 42
2978 25 42
2979 25 42
2980 25 42
2981 25 42
2982 25 42
2983 25 43
2984 25 43
2985 25 43
2986 25 43
2987 25 43
2988 25 43
2989 25 43
2990 25 43
2991 25 43
2992 25 42
2993 25 42
2994 25 42
2995 25 42
2996 25 42
2997 25 42
2998 25 42
2999 25 42
3000 25 42
3001 25 42
3002 25 42
3003 25 42
3004 25 42
3005 25 42
3006 26 42
3007 26 42
3008 26 42
3009 26 42
3010 26 42
3011 26 42
3012 26 42
3013 26 42
3014 26 42
3015 26 42
3016 26 42
3017 26 42
3018 26 42
3019 26 42
3020 26 42
3021 26 42
3022 26 42
3023 26 42
3024 26 42
3025 26 42
3026 26 42
3027 26 42
3028 26 42
3029 26 42
3030 26 42
3031 26 42
3032 27 42
3033 27 42
3034 27 42
3035 27 42
3036 27 42
3037 27 42
3038 27 42
3039 27 42
3040 27 42
3041 27 42
3042 27 42
3043 27 42
3044 27 42
3045 27 42
3046 27 42
3047 27 42
3048 27 41
3049 27 41
3050 27 41
3051 27 41
3052 27 41
3053 27 41
3054 27 41
3055 27 41
3056 27 41
3057 27 41
3058 27 41
3059 27 41
3060 27 41
3061 27 41
3062 27 41
3063 27 41
3064 27 41
3065 28 41
3066 28 41
3067 28 41
3068 28 41
3069 28 41
3070 28 41
3071 29 41
3072 29 41
3073 29 41
3074 29 41
3075 29 41
3076 29 41
3077 29 41
3078 29 41
3079 29 41
3080 29 41
3081 30 41
3082 31 41
3083 31 41
3084 31 41
3085 31 41
3086 31 41
3087 31 41
3088 32 41
3089 32 41
3090 32 41
3091 32 41
3092 33 42
3093 33 42
3094 33 42
3095 33 42
3096 33 42
3097 34 42
3098 34 42
3099 34 42
3100 35 42
3101 35 42
3102 35 42
3103 36 42
3104 36 42
3105 36 42
3106 36 42
3107 36 42
3108 36 42
3109 36 42
3110 37 42
3111 37 42
3112 37 42
3113 37 42
3114 37 42
3115 37 42
3116 37 42
3117 37 42
3118 37 42
3119 37 42
3120 38 42
3121 38 42
3122 38 42
3123 39 42
3124 40 42
3125 41 42
3126 41 43
3127 41 43
3128 41 43
3129 41 43
3130 41 43
3131 41 43
3132 41 43
3133 41 43
3134 41 43
3135 41 43
3136 41 42
3137 41 42
3138 41 42
3139 41 42
3140 41 42
3141 41 42
3142 42 42
3143 42 42
3144 42 42
3145 42 42
3146 43 42
3147 43 43
3148 43 43
3149 44 43
3150 44 43
3151 44 43
3152 44 43
3153 45 43
3154 45 43
3155 45 43
3156 45 43
3157 45 43
3158 45 43
3159 45 43
3160 45 43
3161 46 43
3162 46 43
3163 47 43
3164 47 43
3165 47 43
3166 47 43
3167 47 43
3168 47 43
3169 47 43
3170 47 43
3171 47 43
3172 47 43
3173 47 43
3174 47 43
3175 47 43
3176 47 43
3177 47 43
3178 47 43
3179 47 43
3180 47 43
3181 47 42
3182 47 42
3183 47 42
3184 47 42
3185 47 42
3186 47 42
3187 47 42
3188 47 42
3189 47 42
3190 47 42
3191 47 42
3192 47 42
3193 47 42
3194 47 42
3195 47 42
3196 47 42
3197 47 42
3198 47 42
3199 47 42
3200 47 42
3201 48 42
3202 48 42
3203 48 42
3204 49 42
3205 49 42
3206 49 42
3207 50 42
3208 50 42
3209 50 42
3210 50 42
3211 51 43
3212 51 43
3213 51 43
3214 51 43
3215 51 43
3216 51 43
3217 51 43
3218 52 43
3219 53 43
3220 53 43
3221 53 43
3222 53 43
3223 53 43
3224 53 43
3225 53 43
3226 53 43
3227 54 43
3228 54 43
3229 55 43
3230 55 43
3231 55 43
3232 55 43
3233 56 43
3234 56 43
3235 57 43
3236 57 43
3237 57 43
3238 57 43
3239 57 43
3240 57 43
3241 58 43
3242 59 43
3243 60 43
3244 60 43
3245 60 43
3246 60 43
3247 63 43
3248 63 43
3249 64 44
3250 64 44
3251 65 44
3252 67 44
3253 68 44
3254 68 44
3255 69 44
3256 69 44
3257 71 44
3258 71 44
3259 72 44
3260 72 44
3261 72 44
3262 72 44
3263 73 44
3264 73 44
3265 73 44
3266 74 44
3267 74 44
3268 74 44
3269 74 44
3270 75 44
3271 77 44
3272 78 44
3273 81 44
3274 83 44
3275 83 44
3276 83 44
3277 83 44
3278 83 44
3279 83 44
3280 83 44
3281 83 44
3282 83 44
3283 83 44
3284 84 44
3285 95 44
3286 95 44
3287 95 44
3288 95 44
3289 95 44
3290 95 44
3291 95 44
3292 95 44
3293 95 44
3294 95 44
3295 95 44
3296 95 44
3297 95 45
3298 95 45
3299 95 45
3300 95 45
3301 95 45
3302 95 45
3303 95 45
3304 95 45
3305 95 45
3306 95 45
3307 95 45
3308 95 45
3309 95 45
3310 95 45
3311 95 45
3312 95 45
3313 95 45
3314 95 45
3315 95 45
3316 95 45
3317 95 45
3318 96 45
3319 100 45
