0 0 0
1 0 0
2 0 0
3 0 0
4 0 0
5 0 0
6 0 0
7 0 0
8 0 0
9 0 0
10 0 0
11 0 0
12 0 0
13 0 0
14 0 0
15 0 0
16 0 0
17 0 0
18 0 0
19 0 0
20 0 0
21 0 0
22 0 0
23 0 0
24 0 0
25 0 0
26 0 0
27 0 0
28 0 0
29 0 0
30 0 0
31 0 0
32 0 0
33 0 0
34 0 0
35 0 0
36 0 0
37 0 0
38 0 0
39 0 0
40 0 0
41 0 0
42 0 0
43 0 0
44 0 0
45 0 0
46 0 0
47 0 0
48 0 0
49 0 0
50 0 0
51 0 0
52 0 0
53 0 0
54 0 0
55 0 0
56 0 0
57 0 0
58 0 0
59 0 0
60 0 0
61 0 0
62 0 0
63 0 0
64 0 0
65 0 0
66 0 0
67 0 0
68 0 0
69 0 0
70 0 0
71 0 0
72 0 0
73 0 0
74 0 0
75 0 0
76 0 0
77 0 0
78 0 0
79 0 0
80 0 0
81 0 0
82 0 0
83 0 0
84 0 0
85 0 0
86 0 0
87 0 0
88 0 0
89 0 0
90 0 0
91 0 0
92 0 0
93 0 0
94 0 0
95 0 0
96 0 0
97 0 0
98 0 0
99 0 0
100 0 3
101 0 3
102 0 3
103 0 3
104 0 2
105 0 2
106 0 2
107 0 2
108 0 2
109 0 2
110 0 2
111 0 2
112 0 2
113 0 2
114 0 2
115 0 2
116 0 2
117 0 2
118 0 2
119 0 2
120 0 2
121 0 2
122 0 2
123 0 2
124 0 2
125 0 2
126 0 2
127 0 2
128 0 2
129 0 2
130 0 2
131 0 2
132 0 2
133 0 2
134 0 2
135 0 2
136 0 2
137 0 2
138 0 2
139 0 2
140 0 2
141 0 2
142 0 2
143 0 2
144 0 2
145 0 2
146 0 1
147 0 1
148 0 1
149 0 1
150 0 1
151 0 3
152 0 3
153 0 3
154 0 3
155 0 3
156 0 3
157 0 3
158 0 3
159 0 3
160 0 3
161 0 3
162 0 3
163 0 3
164 0 3
165 0 3
166 0 3
167 0 3
168 0 3
169 0 3
170 0 3
171 0 3
172 0 3
173 0 3
174 0 3
175 0 3
176 0 3
177 0 3
178 0 3
179 0 3
180 0 3
181 0 3
182 0 3
183 0 3
184 0 3
185 0 3
186 0 3
187 0 3
188 0 3
189 0 3
190 0 3
191 0 3
192 0 3
193 0 3
194 0 3
195 0 2
196 0 2
197 0 2
198 0 2
199 0 2
200 0 2
201 0 2
202 0 2
203 0 2
204 0 2
205 0 2
206 0 2
207 0 2
208 0 2
209 0 2
210 0 2
211 0 2
212 0 2
213 0 2
214 0 2
215 0 2
216 0 2
217 0 4
218 0 4
219 0 4
220 0 4
221 0 4
222 0 4
223 0 4
224 0 4
225 0 4
226 0 3
227 0 3
228 0 3
229 0 3
230 0 3
231 0 3
232 0 3
233 0 3
234 0 3
235 0 3
236 0 3
237 0 3
238 0 3
239 0 3
240 0 3
241 0 3
242 0 3
243 0 3
244 0 3
245 0 3
246 0 3
247 0 3
248 0 3
249 0 3
250 0 3
251 0 3
252 0 3
253 0 3
254 0 3
255 0 3
256 0 3
257 0 3
258 0 3
259 0 3
260 0 3
261 0 3
262 0 3
263 0 3
264 0 3
265 0 3
266 0 3
267 0 3
268 0 3
269 0 3
270 0 3
271 0 3
272 0 3
273 0 3
274 0 3
275 0 3
276 0 3
277 0 3
278 0 3
279 0 3
280 0 3
281 0 3
282 0 3
283 0 3
284 0 3
285 0 3
286 0 3
287 0 3
288 0 2
289 0 2
290 0 2
291 0 2
292 0 2
293 0 2
294 0 2
295 0 2
296 0 2
297 0 2
298 0 2
299 0 2
300 0 2
301 0 2
302 0 2
303 0 2
304 0 2
305 0 2
306 0 2
307 0 2
308 0 2
309 0 2
310 0 2
311 0 2
312 0 2
313 0 2
314 0 2
315 0 2
316 0 2
317 0 2
318 0 2
319 0 2
320 0 2
321 0 2
322 0 2
323 0 2
324 0 2
325 0 2
326 0 2
327 0 2
328 0 2
329 0 2
330 0 2
331 0 2
332 0 2
333 0 2
334 0 2
335 0 2
336 0 2
337 0 2
338 0 2
339 0 2
340 0 2
341 0 2
342 0 2
343 0 2
344 0 2
345 0 2
346 0 2
347 0 2
348 0 2
349 0 2
350 0 2
351 0 2
352 0 2
353 0 2
354 0 2
355 0 2
356 0 2
357 0 2
358 0 2
359 0 2
360 0 2
361 0 2
362 0 2
363 0 2
364 0 2
365 0 3
366 0 3
367 0 3
368 0 3
369 0 3
370 0 3
371 0 2
372 0 2
373 0 2
374 0 2
375 0 2
376 0 2
377 0 2
378 0 2
379 0 2
380 0 2
381 0 2
382 0 2
383 0 2
384 0 2
385 0 2
386 0 2
387 0 2
388 0 2
389 0 2
390 0 2
391 0 2
392 0 2
393 0 2
394 0 3
395 0 3
396 0 3
397 0 3
398 0 3
399 0 3
400 0 3
401 0 3
402 0 3
403 0 3
404 0 3
405 0 3
406 0 3
407 0 3
408 0 3
409 0 3
410 0 3
411 0 3
412 0 3
413 0 3
414 0 3
415 0 3
416 0 3
417 0 3
418 0 3
419 0 3
420 0 3
421 0 3
422 0 3
423 0 3
424 0 3
425 0 3
426 0 3
427 0 3
428 0 3
429 0 3
430 0 3
431 0 3
432 0 3
433 0 3
434 0 3
435 0 3
436 0 3
437 0 3
438 0 3
439 0 3
440 0 3
441 0 3
442 0 3
443 0 3
444 0 3
445 0 3
446 0 3
447 0 3
448 0 3
449 0 3
450 0 3
451 0 3
452 0 3
453 0 2
454 0 2
455 0 2
456 0 2
457 0 2
458 0 2
459 0 2
460 0 2
461 0 2
462 0 2
463 0 2
464 0 2
465 0 2
466 0 2
467 0 2
468 0 2
469 0 2
470 0 2
471 0 2
472 0 2
473 0 2
474 0 2
475 0 2
476 0 2
477 0 2
478 0 2
479 0 2
480 0 2
481 0 2
482 0 2
483 0 2
484 0 2
485 0 2
486 0 2
487 0 2
488 0 2
489 0 2
490 0 2
491 0 2
492 0 2
493 0 2
494 0 2
495 0 2
496 0 2
497 0 2
498 0 3
499 0 3
500 0 3
501 0 3
502 0 3
503 0 4
504 0 4
505 0 4
506 0 4
507 0 4
508 0 4
509 0 4
510 0 4
511 0 4
512 0 4
513 0 4
514 0 4
515 0 4
516 0 4
517 0 4
518 0 4
519 0 4
520 0 4
521 0 4
522 0 4
523 0 4
524 0 4
525 0 4
526 0 4
527 0 4
528 0 4
529 0 4
530 0 4
531 0 4
532 0 4
533 0 4
534 0 4
535 0 4
536 0 4
537 0 4
538 0 4
539 0 4
540 0 4
541 0 4
542 0 4
543 0 4
544 0 4
545 0 4
546 0 4
547 0 4
548 0 4
549 0 4
550 0 4
551 0 4
552 0 4
553 0 4
554 0 4
555 0 4
556 0 4
557 0 4
558 0 4
559 0 4
560 0 4
561 0 4
562 0 4
563 0 4
564 0 4
565 0 4
566 0 4
567 0 4
568 0 4
569 0 4
570 0 4
571 0 4
572 0 4
573 0 4
574 0 4
575 0 4
576 0 4
577 0 4
578 0 4
579 0 4
580 0 4
581 0 4
582 0 4
583 0 4
584 0 4
585 0 4
586 0 4
587 0 4
588 0 4
589 0 4
590 0 4
591 0 4
592 0 4
593 0 4
594 0 4
595 0 4
596 0 4
597 0 4
598 0 4
599 0 4
600 0 4
601 0 4
602 0 4
603 0 4
604 0 4
605 0 4
606 0 4
607 0 4
608 0 4
609 0 4
610 0 4
611 0 4
612 0 4
613 0 4
614 0 4
615 0 4
616 0 4
617 0 4
618 0 4
619 0 4
620 0 4
621 0 4
622 0 4
623 0 4
624 0 4
625 0 4
626 0 4
627 0 3
628 0 3
629 0 3
630 0 3
631 0 3
632 0 3
633 0 3
634 0 3
635 0 3
636 0 3
637 0 3
638 0 3
639 0 3
640 0 3
641 0 3
642 0 3
643 0 3
644 0 3
645 0 3
646 0 3
647 0 3
648 0 3
649 0 3
650 0 3
651 0 3
652 0 3
653 0 3
654 0 4
655 0 4
656 0 4
657 0 4
658 0 4
659 0 4
660 0 4
661 0 4
662 0 4
663 0 4
664 0 4
665 0 4
666 0 4
667 0 4
668 0 4
669 0 4
670 0 4
671 0 4
672 0 4
673 0 4
674 0 4
675 0 4
676 0 4
677 0 4
678 0 4
679 0 4
680 0 4
681 0 4
682 0 4
683 0 4
684 0 4
685 0 4
686 0 4
687 0 4
688 0 4
689 0 4
690 0 4
691 0 4
692 0 4
693 0 4
694 0 4
695 0 4
696 0 4
697 0 4
698 0 4
699 0 4
700 0 4
701 0 4
702 0 4
703 0 4
704 0 4
705 0 4
706 0 4
707 0 4
708 0 4
709 0 4
710 0 4
711 0 4
712 0 4
713 0 4
714 0 4
715 0 4
716 0 4
717 0 4
718 0 4
719 0 4
720 0 4
721 0 4
722 0 4
723 0 4
724 0 4
725 0 4
726 0 4
727 0 4
728 0 4
729 0 4
730 0 4
731 0 4
732 0 4
733 0 4
734 0 4
735 0 4
736 0 4
737 0 4
738 0 4
739 0 4
740 0 4
741 0 4
742 0 4
743 0 4
744 0 4
745 0 4
746 0 4
747 0 4
748 0 4
749 0 4
750 0 4
751 0 4
752 0 4
753 0 4
754 0 4
755 0 4
756 0 4
757 0 4
758 0 4
759 0 4
760 0 4
761 0 4
762 0 4
763 0 4
764 0 4
765 0 4
766 0 4
767 0 4
768 0 4
769 0 4
770 0 4
771 0 4
772 0 4
773 0 4
774 0 4
775 0 4
776 0 4
777 0 4
778 0 4
779 0 4
780 0 4
781 0 4
782 0 4
783 0 4
784 0 4
785 0 4
786 0 4
787 0 4
788 0 4
789 0 4
790 0 4
791 0 4
792 0 4
793 0 4
794 0 4
795 0 4
796 0 4
797 0 4
798 0 4
799 0 4
800 0 4
801 0 4
802 0 4
803 0 4
804 0 4
805 0 4
806 0 4
807 0 4
808 0 4
809 0 4
810 0 4
811 0 4
812 0 4
813 0 4
814 0 4
815 0 4
816 0 4
817 0 4
818 0 4
819 0 5
820 0 4
821 0 4
822 0 5
823 0 5
824 0 5
825 0 5
826 0 5
827 0 5
828 0 5
829 0 5
830 0 5
831 0 5
832 0 5
833 0 5
834 0 5
835 0 5
836 0 5
837 0 5
838 0 5
839 0 5
840 0 5
841 0 5
842 0 5
843 0 5
844 0 5
845 0 5
846 0 6
847 0 6
848 0 6
849 0 6
850 0 6
851 0 6
852 0 6
853 0 6
854 0 6
855 0 6
856 0 6
857 0 6
858 0 6
859 0 6
860 0 6
861 0 6
862 0 6
863 0 6
864 0 6
865 0 6
866 0 6
867 0 6
868 0 6
869 0 6
870 0 6
871 0 6
872 0 6
873 0 6
874 0 6
875 0 6
876 0 6
877 0 6
878 0 6
879 0 6
880 0 6
881 0 6
882 0 6
883 0 6
884 0 6
885 0 6
886 0 6
887 0 6
888 0 6
889 0 6
890 0 6
891 0 6
892 0 6
893 0 6
894 0 6
895 0 6
896 0 6
897 0 6
898 0 6
899 0 6
900 0 6
901 0 6
902 0 6
903 0 6
904 0 6
905 0 6
906 0 6
907 1 6
908 1 6
909 1 6
910 1 6
911 1 6
912 1 6
913 1 6
914 1 6
915 1 6
916 1 6
917 1 6
918 1 6
919 1 6
920 1 6
921 1 6
922 1 6
923 1 6
924 1 6
925 1 6
926 1 6
927 1 6
928 1 6
929 1 6
930 1 6
931 1 6
932 1 6
933 1 6
934 1 6
935 1 6
936 1 6
937 1 6
938 1 6
939 1 6
940 1 6
941 1 6
942 1 6
943 1 6
944 1 6
945 1 6
946 1 6
947 1 6
948 1 6
949 1 6
950 1 6
951 1 6
952 1 6
953 1 6
954 1 6
955 1 6
956 1 6
957 1 6
958 1 6
959 1 6
960 1 6
961 1 6
962 1 6
963 1 6
964 1 6
965 1 6
966 1 6
967 1 6
968 1 6
969 1 6
970 1 6
971 1 6
972 1 6
973 1 6
974 1 6
975 1 6
976 1 6
977 1 6
978 1 6
979 1 6
980 1 6
981 1 6
982 1 6
983 1 6
984 1 6
985 1 6
986 1 6
987 1 6
988 1 6
989 1 6
990 1 6
991 1 6
992 1 6
993 1 6
994 1 6
995 1 6
996 1 6
997 1 6
998 1 6
999 1 6
1000 1 6
1001 1 6
1002 1 6
1003 1 6
1004 1 6
1005 1 6
1006 1 6
1007 1 6
1008 1 6
1009 1 6
1010 1 6
1011 1 6
1012 1 6
1013 1 6
1014 1 6
1015 1 6
1016 1 6
1017 1 6
1018 1 6
1019 1 6
1020 1 6
1021 1 6
1022 1 6
1023 1 6
1024 1 6
1025 1 6
1026 1 6
1027 1 6
1028 1 6
1029 1 7
1030 1 7
1031 1 7
1032 1 7
1033 1 7
1034 1 7
1035 1 7
1036 1 6
1037 1 6
1038 1 6
1039 1 6
1040 1 6
1041 1 6
1042 1 6
1043 1 6
1044 1 6
1045 1 6
1046 1 6
1047 1 6
1048 1 6
1049 1 7
1050 1 7
1051 1 7
1052 1 7
1053 1 7
1054 1 7
1055 1 7
1056 1 7
1057 1 7
1058 1 7
1059 1 7
1060 1 7
1061 1 7
1062 1 7
1063 1 7
1064 1 8
1065 1 8
1066 1 8
1067 1 8
1068 1 8
1069 1 7
1070 1 7
1071 1 7
1072 1 7
1073 1 7
1074 1 7
1075 1 7
1076 1 7
1077 1 7
1078 1 7
1079 1 7
1080 1 7
1081 1 7
1082 1 7
1083 1 7
1084 1 7
1085 1 7
1086 1 7
1087 1 7
1088 1 7
1089 1 7
1090 1 7
1091 1 7
1092 1 7
1093 1 7
1094 1 7
1095 1 7
1096 1 7
1097 1 7
1098 1 7
1099 1 7
1100 1 7
1101 1 7
1102 1 7
1103 1 7
1104 1 7
1105 1 7
1106 1 7
1107 1 7
1108 1 7
1109 1 7
1110 1 7
1111 1 7
1112 1 7
1113 1 7
1114 1 7
1115 1 7
1116 1 7
1117 1 7
1118 1 7
1119 1 7
1120 1 7
1121 1 7
1122 1 7
1123 1 7
1124 1 7
1125 1 7
1126 1 7
1127 1 7
1128 1 7
1129 1 7
1130 1 7
1131 1 7
1132 1 7
1133 1 7
1134 1 7
1135 1 7
1136 1 7
1137 1 7
1138 1 7
1139 1 7
1140 1 7
1141 1 7
1142 1 7
1143 1 7
1144 1 7
1145 1 8
1146 1 8
1147 1 8
1148 1 8
1149 1 8
1150 1 8
1151 1 8
1152 1 8
1153 1 8
1154 1 8
1155 1 8
1156 1 8
1157 1 8
1158 1 8
1159 1 8
1160 1 8
1161 1 8
1162 1 8
1163 1 8
1164 1 8
1165 1 8
1166 1 8
1167 1 8
1168 1 8
1169 1 8
1170 1 8
1171 1 8
1172 1 8
1173 1 8
1174 1 8
1175 1 8
1176 1 8
1177 1 8
1178 1 8
1179 1 8
1180 1 8
1181 1 8
1182 1 8
1183 1 8
1184 1 8
1185 1 8
1186 1 8
1187 1 8
1188 1 8
1189 1 8
1190 1 8
1191 1 8
1192 1 8
1193 1 8
1194 1 8
1195 1 8
1196 1 8
1197 1 8
1198 1 8
1199 1 8
1200 1 8
1201 1 8
1202 1 8
1203 1 8
1204 1 8
1205 1 8
1206 1 8
1207 1 8
1208 1 8
1209 1 8
1210 1 8
1211 1 8
1212 1 8
1213 1 8
1214 1 8
1215 1 8
1216 1 8
1217 1 8
1218 1 8
1219 1 8
1220 1 8
1221 1 8
1222 1 8
1223 1 8
1224 1 8
1225 1 8
1226 1 8
1227 1 8
1228 1 8
1229 1 8
1230 1 8
1231 1 8
1232 1 8
1233 1 8
1234 1 8
1235 1 8
1236 1 8
1237 1 9
1238 1 9
1239 1 9
1240 1 9
1241 1 9
1242 1 9
1243 1 9
1244 1 9
1245 1 9
1246 1 9
1247 1 9
1248 1 9
1249 1 8
1250 1 9
1251 1 9
1252 1 9
1253 1 9
1254 1 9
1255 1 9
1256 1 9
1257 1 9
1258 1 9
1259 1 9
1260 1 9
1261 1 9
1262 1 9
1263 1 9
1264 1 9
1265 1 9
1266 1 9
1267 1 9
1268 1 9
1269 1 9
1270 1 9
1271 1 9
1272 1 9
1273 1 9
1274 1 9
1275 1 9
1276 1 9
1277 1 9
1278 1 9
1279 1 9
1280 1 9
1281 1 9
1282 1 9
1283 1 9
1284 1 9
1285 1 9
1286 1 9
1287 1 9
1288 1 9
1289 1 9
1290 1 9
1291 1 9
1292 2 9
1293 2 9
1294 2 9
1295 2 9
1296 2 9
1297 2 9
1298 2 9
1299 2 9
1300 2 9
1301 2 9
1302 2 9
1303 2 9
1304 2 9
1305 2 9
1306 2 9
1307 2 9
1308 2 9
1309 2 9
1310 2 9
1311 2 9
1312 2 9
1313 2 9
1314 2 9
1315 2 9
1316 2 9
1317 2 9
1318 2 9
1319 2 9
1320 2 9
1321 2 9
1322 2 9
1323 2 9
1324 2 9
1325 2 9
1326 2 9
1327 2 9
1328 2 9
1329 2 9
1330 2 9
1331 2 9
1332 2 9
1333 2 9
1334 2 9
1335 2 9
1336 2 9
1337 2 9
1338 2 10
1339 2 10
1340 2 10
1341 2 10
1342 2 10
1343 2 10
1344 2 10
1345 2 10
1346 2 10
1347 2 10
1348 2 10
1349 2 10
1350 2 10
1351 2 10
1352 2 10
1353 2 10
1354 2 10
1355 2 10
1356 2 10
1357 2 10
1358 2 10
1359 2 11
1360 2 11
1361 2 11
1362 2 11
1363 2 11
1364 2 11
1365 2 11
1366 2 11
1367 2 11
1368 2 11
1369 2 11
1370 2 11
1371 2 11
1372 2 11
1373 2 11
1374 2 11
1375 2 11
1376 2 11
1377 2 11
1378 2 11
1379 2 11
1380 2 11
1381 2 11
1382 2 11
1383 2 11
1384 2 11
1385 2 11
1386 2 11
1387 2 11
1388 2 11
1389 2 11
1390 2 11
1391 2 11
1392 2 11
1393 2 11
1394 2 12
1395 2 12
1396 2 12
1397 2 12
1398 2 12
1399 2 12
1400 2 12
1401 2 12
1402 2 12
1403 2 12
1404 2 12
1405 2 12
1406 2 12
1407 2 12
1408 2 12
1409 2 12
1410 2 12
1411 2 12
1412 2 12
1413 2 12
1414 2 12
1415 2 12
1416 2 12
1417 2 12
1418 2 12
1419 2 12
1420 2 12
1421 2 12
1422 2 12
1423 2 12
1424 2 12
1425 2 12
1426 2 12
1427 2 12
1428 2 12
1429 2 12
1430 2 12
1431 2 12
1432 2 12
1433 2 12
1434 2 12
1435 2 12
1436 2 12
1437 2 13
1438 2 13
1439 2 13
1440 2 13
1441 2 13
1442 2 13
1443 2 13
1444 2 13
1445 2 13
1446 2 13
1447 2 13
1448 2 13
1449 2 13
1450 2 13
1451 2 13
1452 2 13
1453 2 13
1454 2 13
1455 2 14
1456 2 14
1457 2 14
1458 2 14
1459 2 14
1460 2 14
1461 2 14
1462 2 14
1463 2 14
1464 2 14
1465 2 14
1466 2 14
1467 2 14
1468 2 14
1469 2 14
1470 2 14
1471 2 14
1472 2 14
1473 2 14
1474 2 14
1475 2 15
1476 2 14
1477 2 14
1478 2 14
1479 2 14
1480 2 14
1481 2 14
1482 2 14
1483 2 14
1484 2 14
1485 2 14
1486 2 14
1487 2 14
1488 2 14
1489 2 15
1490 2 15
1491 2 15
1492 2 15
1493 2 15
1494 2 15
1495 2 15
1496 2 15
1497 2 15
1498 2 15
1499 2 15
1500 2 15
1501 2 15
1502 2 15
1503 2 15
1504 2 15
1505 2 15
1506 2 15
1507 2 15
1508 2 15
1509 2 15
1510 2 15
1511 2 15
1512 2 15
1513 2 15
1514 2 15
1515 2 15
1516 2 15
1517 2 15
1518 2 15
1519 2 15
1520 2 15
1521 2 15
1522 2 15
1523 2 15
1524 2 15
1525 2 15
1526 2 15
1527 2 15
1528 2 15
1529 2 16
1530 2 16
1531 2 16
1532 2 16
1533 2 16
1534 2 16
1535 2 16
1536 2 16
1537 2 16
1538 2 16
1539 2 16
1540 2 16
1541 2 16
1542 2 16
1543 2 16
1544 2 16
1545 2 16
1546 2 17
1547 2 17
1548 2 17
1549 2 17
1550 2 17
1551 2 17
1552 2 17
1553 2 17
1554 2 17
1555 2 17
1556 2 17
1557 2 17
1558 2 17
1559 2 17
1560 2 17
1561 2 17
1562 2 17
1563 2 17
1564 2 17
1565 2 17
1566 2 17
1567 2 17
1568 2 17
1569 2 17
1570 2 17
1571 2 17
1572 2 17
1573 2 17
1574 2 17
1575 2 17
1576 2 17
1577 2 17
1578 2 17
1579 2 17
1580 2 17
1581 2 17
1582 2 17
1583 2 17
1584 3 17
1585 3 17
1586 3 17
1587 3 17
1588 3 17
1589 3 17
1590 3 17
1591 3 17
1592 3 17
1593 3 17
1594 3 17
1595 3 17
1596 3 17
1597 3 17
1598 3 17
1599 3 17
1600 3 17
1601 3 17
1602 3 17
1603 3 17
1604 3 17
1605 3 17
1606 3 17
1607 3 17
1608 3 17
1609 3 17
1610 3 17
1611 3 17
1612 3 17
1613 3 17
1614 3 17
1615 3 17
1616 3 17
1617 3 17
1618 3 17
1619 3 18
1620 3 18
1621 3 18
1622 3 18
1623 3 17
1624 3 17
1625 3 17
1626 3 17
1627 3 17
1628 3 17
1629 3 17
1630 3 17
1631 3 17
1632 3 17
1633 3 17
1634 3 18
1635 3 18
1636 3 18
1637 3 18
1638 3 18
1639 3 18
1640 3 18
1641 3 18
1642 3 18
1643 3 18
1644 3 18
1645 3 18
1646 3 18
1647 3 18
1648 3 18
1649 3 18
1650 3 18
1651 3 18
1652 3 18
1653 3 18
1654 3 18
1655 3 18
1656 3 18
1657 3 18
1658 3 18
1659 3 18
1660 3 18
1661 3 18
1662 3 18
1663 3 18
1664 3 18
1665 3 18
1666 3 18
1667 3 18
1668 3 18
1669 3 18
1670 3 18
1671 3 18
1672 3 18
1673 3 18
1674 3 18
1675 3 18
1676 3 18
1677 3 18
1678 3 18
1679 3 18
1680 3 18
1681 3 18
1682 3 18
1683 3 18
1684 3 18
1685 3 18
1686 3 18
1687 3 18
1688 3 18
1689 3 18
1690 3 18
1691 3 19
1692 3 19
1693 3 19
1694 3 19
1695 3 19
1696 3 19
1697 3 19
1698 3 19
1699 3 19
1700 3 19
1701 3 19
1702 3 19
1703 3 19
1704 3 19
1705 3 19
1706 3 19
1707 3 19
1708 3 19
1709 3 19
1710 3 19
1711 3 19
1712 3 19
1713 3 19
1714 3 19
1715 3 19
1716 3 19
1717 3 19
1718 3 19
1719 3 19
1720 3 19
1721 3 19
1722 3 19
1723 3 20
1724 3 20
1725 3 20
1726 3 20
1727 3 20
1728 3 20
1729 3 20
1730 3 20
1731 3 20
1732 3 20
1733 3 20
1734 3 20
1735 3 20
1736 3 20
1737 3 20
1738 3 20
1739 3 20
1740 3 20
1741 3 20
1742 3 21
1743 3 21
1744 3 21
1745 3 21
1746 3 21
1747 3 21
1748 3 21
1749 3 21
1750 3 21
1751 3 21
1752 3 21
1753 3 21
1754 3 21
1755 3 21
1756 3 21
1757 3 21
1758 3 21
1759 3 21
1760 3 21
1761 3 21
1762 3 21
1763 3 21
1764 3 21
1765 3 21
1766 3 21
1767 3 21
1768 3 21
1769 3 21
1770 3 21
1771 3 21
1772 3 21
1773 3 21
1774 3 21
1775 3 21
1776 3 21
1777 3 21
1778 3 21
1779 3 21
1780 3 21
1781 3 21
1782 3 21
1783 3 21
1784 3 21
1785 3 21
1786 3 21
1787 3 21
1788 3 21
1789 3 21
1790 3 21
1791 3 22
1792 3 22
1793 3 22
1794 3 22
1795 3 22
1796 3 22
1797 3 21
1798 3 21
1799 3 21
1800 3 21
1801 3 21
1802 3 21
1803 3 22
1804 3 21
1805 3 21
1806 3 21
1807 3 21
1808 3 21
1809 4 21
1810 4 22
1811 4 22
1812 4 22
1813 4 22
1814 4 22
1815 4 22
1816 4 22
1817 4 22
1818 4 22
1819 4 22
1820 4 22
1821 4 22
1822 4 22
1823 4 22
1824 4 22
1825 4 22
1826 4 22
1827 4 22
1828 4 22
1829 4 22
1830 4 23
1831 4 23
1832 4 23
1833 4 23
1834 4 23
1835 4 23
1836 4 23
1837 4 23
1838 4 23
1839 4 23
1840 4 23
1841 4 23
1842 4 23
1843 4 23
1844 4 23
1845 4 23
1846 4 23
1847 4 23
1848 4 23
1849 4 23
1850 4 23
1851 4 23
1852 4 23
1853 4 23
1854 4 23
1855 4 23
1856 4 23
1857 4 23
1858 4 23
1859 4 23
1860 4 23
1861 4 23
1862 4 23
1863 4 23
1864 4 23
1865 4 23
1866 4 23
1867 4 23
1868 4 23
1869 4 23
1870 4 23
1871 4 23
1872 4 23
1873 4 23
1874 4 23
1875 4 23
1876 4 23
1877 4 23
1878 4 23
1879 4 23
1880 4 23
1881 4 23
1882 4 23
1883 4 23
1884 4 23
1885 4 23
1886 4 23
1887 4 23
1888 4 23
1889 4 24
1890 4 24
1891 4 24
1892 4 24
1893 4 24
1894 4 24
1895 4 24
1896 4 24
1897 4 23
1898 4 23
1899 4 24
1900 4 24
1901 4 24
1902 4 24
1903 4 24
1904 4 24
1905 4 24
1906 4 24
1907 4 24
1908 4 24
1909 4 24
1910 4 24
1911 4 24
1912 4 24
1913 4 24
1914 4 24
1915 4 24
1916 4 24
1917 4 24
1918 4 24
1919 4 24
1920 4 24
1921 4 24
1922 4 24
1923 4 24
1924 4 24
1925 4 24
1926 4 24
1927 4 24
1928 4 24
1929 4 24
1930 4 24
1931 4 24
1932 4 24
1933 4 24
1934 4 24
1935 4 24
1936 4 24
1937 4 24
1938 4 24
1939 4 24
1940 4 24
1941 4 24
1942 4 24
1943 4 24
1944 4 24
1945 4 24
1946 4 24
1947 4 24
1948 4 24
1949 4 24
1950 4 24
1951 4 25
1952 4 25
1953 4 25
1954 5 25
1955 5 25
1956 5 25
1957 5 25
1958 5 25
1959 5 25
1960 5 25
1961 5 25
1962 5 25
1963 5 25
1964 5 25
1965 5 25
1966 5 25
1967 5 25
1968 5 25
1969 5 25
1970 5 25
1971 5 25
1972 5 25
1973 5 25
1974 5 25
1975 5 25
1976 5 25
1977 5 25
1978 5 25
1979 5 25
1980 5 25
1981 5 25
1982 5 25
1983 5 25
1984 5 25
1985 5 25
1986 5 25
1987 5 25
1988 5 25
1989 5 25
1990 5 25
1991 5 25
1992 5 25
1993 5 25
1994 5 25
1995 5 25
1996 5 25
1997 5 25
1998 5 25
1999 5 25
2000 5 25
2001 5 25
2002 5 25
2003 5 24
2004 5 25
2005 5 25
2006 5 25
2007 5 25
2008 5 24
2009 5 24
2010 5 24
2011 5 25
2012 5 24
2013 5 24
2014 5 24
2015 5 24
2016 5 24
2017 5 24
2018 5 24
2019 5 24
2020 5 25
2021 5 25
2022 5 25
2023 5 25
2024 5 25
2025 5 25
2026 5 25
2027 5 25
2028 5 25
2029 5 25
2030 5 25
2031 5 25
2032 5 25
2033 5 25
2034 5 25
2035 5 25
2036 5 25
2037 5 25
2038 5 25
2039 5 25
2040 5 25
2041 5 25
2042 5 25
2043 5 25
2044 5 25
2045 5 25
2046 5 25
2047 5 25
2048 5 25
2049 5 25
2050 5 25
2051 5 25
2052 5 25
2053 5 25
2054 5 25
2055 5 25
2056 5 25
2057 5 25
2058 5 25
2059 5 25
2060 5 25
2061 5 25
2062 5 25
2063 5 25
2064 5 25
2065 5 25
2066 5 25
2067 5 25
2068 5 25
2069 5 25
2070 5 25
2071 5 25
2072 5 25
2073 5 25
2074 5 25
2075 5 25
2076 5 25
2077 5 25
2078 5 25
2079 5 25
2080 5 25
2081 5 25
2082 5 25
2083 5 25
2084 5 25
2085 5 25
2086 5 25
2087 5 25
2088 5 25
2089 5 26
2090 5 26
2091 5 26
2092 5 26
2093 5 26
2094 5 26
2095 5 26
2096 5 26
2097 5 26
2098 5 26
2099 5 26
2100 5 26
2101 5 26
2102 5 26
2103 5 26
2104 5 26
2105 5 26
2106 5 26
2107 5 26
2108 5 26
2109 5 26
2110 5 26
2111 5 26
2112 5 26
2113 5 26
2114 5 26
2115 5 26
2116 5 26
2117 5 26
2118 5 26
2119 5 26
2120 5 26
2121 5 26
2122 5 26
2123 6 26
2124 6 26
2125 6 26
2126 6 26
2127 6 26
2128 6 26
2129 6 26
2130 6 26
2131 6 26
2132 6 26
2133 6 26
2134 6 26
2135 6 26
2136 6 26
2137 6 26
2138 6 26
2139 6 26
2140 6 26
2141 6 26
2142 6 26
2143 6 26
2144 6 26
2145 6 26
2146 6 26
2147 6 26
2148 6 26
2149 6 26
2150 6 26
2151 6 26
2152 6 26
2153 6 26
2154 6 27
2155 6 27
2156 6 27
2157 6 27
2158 6 27
2159 6 27
2160 6 27
2161 6 27
2162 6 27
2163 6 27
2164 6 27
2165 6 27
2166 6 27
2167 6 27
2168 6 27
2169 6 27
2170 6 27
2171 6 27
2172 6 27
2173 6 27
2174 6 27
2175 6 27
2176 6 27
2177 6 27
2178 6 27
2179 6 27
2180 6 27
2181 6 27
2182 6 27
2183 6 27
2184 6 27
2185 6 27
2186 6 27
2187 6 27
2188 6 27
2189 6 27
2190 6 27
2191 6 27
2192 6 27
2193 6 27
2194 6 27
2195 6 27
2196 6 27
2197 6 27
2198 6 27
2199 6 27
2200 6 27
2201 6 27
2202 6 27
2203 6 27
2204 6 27
2205 6 27
2206 6 27
2207 6 27
2208 6 27
2209 6 27
2210 6 27
2211 6 27
2212 6 27
2213 6 27
2214 6 27
2215 6 27
2216 6 27
2217 6 27
2218 6 27
2219 6 27
2220 6 27
2221 6 27
2222 6 27
2223 6 27
2224 6 27
2225 6 27
2226 6 27
2227 6 27
2228 6 27
2229 6 27
2230 6 27
2231 6 27
2232 6 27
2233 6 27
2234 6 27
2235 6 27
2236 6 27
2237 6 27
2238 6 27
2239 6 27
2240 6 27
2241 6 27
2242 6 27
2243 6 27
2244 7 27
2245 7 27
2246 7 27
2247 7 27
2248 7 27
2249 7 27
2250 7 26
2251 7 26
2252 7 26
2253 7 26
2254 7 26
2255 7 26
2256 7 26
2257 7 26
2258 7 26
2259 7 26
2260 7 26
2261 7 26
2262 7 26
2263 7 26
2264 7 26
2265 7 26
2266 7 26
2267 7 26
2268 7 26
2269 7 26
2270 7 26
2271 7 26
2272 7 27
2273 7 27
2274 7 26
2275 7 27
2276 7 27
2277 7 27
2278 7 27
2279 7 27
2280 7 27
2281 7 27
2282 7 27
2283 7 27
2284 7 27
2285 7 27
2286 7 27
2287 7 27
2288 7 27
2289 7 27
2290 7 27
2291 7 27
2292 7 27
2293 7 27
2294 7 27
2295 7 27
2296 7 27
2297 7 27
2298 7 27
2299 7 27
2300 7 27
2301 7 27
2302 7 27
2303 7 27
2304 7 27
2305 7 27
2306 7 27
2307 7 27
2308 7 27
2309 7 27
2310 7 27
2311 7 27
2312 7 27
2313 7 27
2314 7 27
2315 7 27
2316 7 27
2317 7 27
2318 7 27
2319 7 27
2320 7 27
2321 7 27
2322 7 27
2323 7 27
2324 7 27
2325 7 27
2326 7 27
2327 7 27
2328 7 27
2329 7 27
2330 7 27
2331 7 27
2332 7 27
2333 7 27
2334 7 27
2335 7 27
2336 7 27
2337 7 27
2338 7 27
2339 7 27
2340 7 27
2341 7 27
2342 7 27
2343 7 27
2344 7 27
2345 7 28
2346 8 28
2347 8 28
2348 8 28
2349 8 28
2350 8 28
2351 8 28
2352 8 28
2353 8 28
2354 8 28
2355 8 28
2356 8 28
2357 8 28
2358 8 28
2359 8 28
2360 8 28
2361 8 28
2362 8 28
2363 8 28
2364 8 28
2365 8 28
2366 8 28
2367 8 28
2368 8 28
2369 8 28
2370 8 28
2371 8 28
2372 8 28
2373 8 28
2374 8 28
2375 8 28
2376 8 28
2377 8 28
2378 8 28
2379 8 28
2380 8 28
2381 8 27
2382 8 28
2383 8 28
2384 8 28
2385 8 28
2386 8 28
2387 8 28
2388 8 28
2389 8 28
2390 8 28
2391 8 28
2392 8 28
2393 8 28
2394 8 28
2395 8 28
2396 8 28
2397 8 28
2398 8 28
2399 8 28
2400 8 28
2401 8 28
2402 8 28
2403 8 28
2404 8 28
2405 8 28
2406 8 28
2407 8 28
2408 8 28
2409 8 28
2410 8 28
2411 8 28
2412 8 28
2413 8 28
2414 8 29
2415 8 29
2416 8 29
2417 8 29
2418 8 29
2419 8 29
2420 8 29
2421 8 29
2422 8 29
2423 8 29
2424 8 29
2425 8 29
2426 8 29
2427 8 29
2428 8 29
2429 8 29
2430 8 29
2431 8 29
2432 8 29
2433 8 29
2434 8 29
2435 8 29
2436 8 29
2437 8 29
2438 9 29
2439 9 29
2440 9 29
2441 9 29
2442 9 29
2443 9 29
2444 9 29
2445 9 29
2446 9 29
2447 9 29
2448 9 29
2449 9 29
2450 9 29
2451 9 29
2452 9 29
2453 9 29
2454 9 29
2455 9 29
2456 9 30
2457 9 30
2458 9 30
2459 9 30
2460 9 30
2461 9 30
2462 9 30
2463 9 30
2464 9 30
2465 9 30
2466 9 30
2467 9 30
2468 9 30
2469 9 30
2470 9 30
2471 9 30
2472 9 30
2473 9 30
2474 9 30
2475 9 30
2476 9 30
2477 9 30
2478 9 30
2479 9 30
2480 9 30
2481 9 30
2482 9 30
2483 9 30
2484 9 30
2485 9 30
2486 9 30
2487 9 30
2488 9 30
2489 9 30
2490 9 30
2491 9 31
2492 9 31
2493 9 31
2494 9 31
2495 9 31
2496 9 31
2497 9 31
2498 9 31
2499 9 31
2500 9 31
2501 10 31
2502 10 31
2503 10 31
2504 10 31
2505 10 31
2506 10 31
2507 10 31
2508 10 31
2509 10 31
2510 10 31
2511 10 31
2512 10 31
2513 10 31
2514 10 31
2515 10 31
2516 10 31
2517 10 31
2518 10 31
2519 10 31
2520 10 31
2521 10 31
2522 10 31
2523 10 31
2524 10 31
2525 10 31
2526 10 31
2527 10 31
2528 10 31
2529 10 31
2530 10 31
2531 10 31
2532 10 31
2533 10 31
2534 10 31
2535 10 31
2536 10 31
2537 10 31
2538 10 31
2539 10 31
2540 10 31
2541 10 31
2542 10 31
2543 10 31
2544 10 31
2545 10 31
2546 10 31
2547 10 31
2548 10 31
2549 10 32
2550 10 32
2551 10 32
2552 10 32
2553 10 32
2554 10 32
2555 10 32
2556 10 32
2557 10 32
2558 10 32
2559 10 32
2560 10 32
2561 10 32
2562 10 32
2563 10 32
2564 10 32
2565 10 32
2566 10 32
2567 10 32
2568 10 32
2569 10 32
2570 10 32
2571 10 32
2572 10 32
2573 10 32
2574 10 32
2575 10 32
2576 10 32
2577 11 32
2578 11 32
2579 11 32
2580 11 32
2581 11 32
2582 11 32
2583 11 32
2584 11 32
2585 11 32
2586 11 32
2587 11 32
2588 11 32
2589 11 32
2590 11 32
2591 11 32
2592 11 32
2593 11 32
2594 11 32
2595 11 32
2596 11 32
2597 11 32
2598 11 32
2599 11 32
2600 11 32
2601 11 32
2602 11 32
2603 11 32
2604 11 32
2605 11 32
2606 11 32
2607 11 32
2608 11 32
2609 11 32
2610 11 32
2611 11 32
2612 11 32
2613 11 32
2614 11 32
2615 11 32
2616 11 32
2617 11 32
2618 11 32
2619 11 32
2620 11 32
2621 11 32
2622 11 32
2623 11 32
2624 11 32
2625 11 32
2626 11 32
2627 11 32
2628 11 32
2629 11 32
2630 11 32
2631 11 32
2632 11 32
2633 11 32
2634 11 32
2635 11 32
2636 11 32
2637 12 32
2638 12 32
2639 12 32
2640 12 32
2641 12 32
2642 12 32
2643 12 32
2644 12 32
2645 12 32
2646 12 32
2647 12 32
2648 12 32
2649 12 32
2650 12 32
2651 12 32
2652 12 32
2653 12 33
2654 12 33
2655 12 33
2656 12 33
2657 12 33
2658 12 33
2659 12 33
2660 12 33
2661 12 33
2662 12 33
2663 12 33
2664 12 33
2665 12 33
2666 12 33
2667 12 33
2668 12 33
2669 12 33
2670 12 33
2671 12 33
2672 12 33
2673 12 33
2674 12 33
2675 12 33
2676 12 33
2677 12 33
2678 12 33
2679 12 33
2680 12 33
2681 12 33
2682 12 33
2683 12 33
2684 12 33
2685 13 33
2686 13 33
2687 13 33
2688 13 33
2689 13 33
2690 13 33
2691 13 33
2692 13 33
2693 13 33
2694 13 33
2695 13 33
2696 13 33
2697 13 33
2698 13 33
2699 13 33
2700 13 33
2701 13 33
2702 13 33
2703 13 33
2704 13 33
2705 13 33
2706 13 33
2707 13 33
2708 13 33
2709 13 33
2710 13 33
2711 13 33
2712 13 33
2713 13 33
2714 13 33
2715 13 33
2716 13 33
2717 13 33
2718 13 33
2719 13 33
2720 13 33
2721 13 33
2722 13 33
2723 13 33
2724 13 33
2725 13 33
2726 13 33
2727 13 33
2728 13 33
2729 13 33
2730 13 33
2731 13 33
2732 13 33
2733 13 33
2734 13 33
2735 13 33
2736 13 33
2737 13 33
2738 13 33
2739 13 33
2740 13 33
2741 13 33
2742 13 33
2743 13 33
2744 13 33
2745 13 33
2746 13 33
2747 13 33
2748 13 33
2749 13 33
2750 13 33
2751 13 33
2752 13 33
2753 13 33
2754 13 33
2755 13 33
2756 13 33
2757 13 33
2758 13 33
2759 13 33
2760 13 33
2761 14 33
2762 14 33
2763 14 33
2764 14 33
2765 14 33
2766 14 33
2767 14 33
2768 14 33
2769 14 33
2770 14 33
2771 14 33
2772 14 33
2773 14 33
2774 14 33
2775 14 33
2776 14 33
2777 14 33
2778 14 33
2779 14 33
2780 14 33
2781 14 33
2782 14 33
2783 14 33
2784 15 33
2785 15 33
2786 15 33
2787 15 33
2788 15 33
2789 15 33
2790 15 33
2791 15 33
2792 15 34
2793 15 34
2794 15 34
2795 15 34
2796 15 34
2797 15 34
2798 15 34
2799 15 34
2800 15 34
2801 15 34
2802 15 34
2803 15 34
2804 15 34
2805 15 34
2806 15 34
2807 15 34
2808 15 34
2809 15 34
2810 15 34
2811 15 34
2812 15 34
2813 15 34
2814 15 35
2815 15 35
2816 15 35
2817 15 35
2818 15 35
2819 15 35
2820 16 35
2821 16 35
2822 16 35
2823 16 35
2824 16 35
2825 16 35
2826 16 35
2827 16 35
2828 16 35
2829 16 35
2830 16 35
2831 16 35
2832 16 35
2833 16 35
2834 16 35
2835 16 35
2836 16 35
2837 16 35
2838 16 35
2839 17 35
2840 17 35
2841 17 35
2842 17 35
2843 17 35
2844 17 35
2845 17 35
2846 17 35
2847 17 35
2848 17 35
2849 17 35
2850 17 35
2851 17 35
2852 17 35
2853 17 35
2854 17 35
2855 17 35
2856 17 35
2857 17 35
2858 17 35
2859 17 35
2860 18 35
2861 18 35
2862 18 35
2863 18 36
2864 18 36
2865 18 36
2866 18 36
2867 18 36
2868 18 36
2869 18 36
2870 18 36
2871 18 36
2872 18 36
2873 18 36
2874 18 36
2875 18 36
2876 18 36
2877 18 36
2878 18 36
2879 18 36
2880 18 36
2881 18 36
2882 18 36
2883 18 36
2884 18 36
2885 18 36
2886 18 36
2887 18 36
2888 18 36
2889 18 36
2890 18 36
2891 18 36
2892 18 36
2893 18 36
2894 19 36
2895 19 36
2896 19 36
2897 19 36
2898 19 36
2899 19 36
2900 19 36
2901 19 36
2902 19 36
2903 19 36
2904 19 36
2905 19 36
2906 19 36
2907 19 36
2908 19 36
2909 19 36
2910 19 36
2911 19 36
2912 19 36
2913 20 36
2914 20 36
2915 20 36
2916 20 37
2917 20 37
2918 20 37
2919 20 37
2920 20 37
2921 20 37
2922 20 37
2923 20 37
2924 20 37
2925 20 37
2926 20 37
2927 20 37
2928 20 37
2929 20 37
2930 20 37
2931 20 37
2932 20 37
2933 20 37
2934 20 37
2935 20 37
2936 21 37
2937 21 37
2938 21 37
2939 21 37
2940 21 37
2941 21 37
2942 21 37
2943 21 37
2944 21 37
2945 21 37
2946 21 37
2947 21 37
2948 22 37
2949 22 37
2950 22 37
2951 22 37
2952 22 37
2953 22 37
2954 22 37
2955 22 37
2956 23 37
2957 23 37
2958 23 38
2959 23 38
2960 23 38
2961 23 38
2962 23 38
2963 23 38
2964 23 38
2965 23 38
2966 24 38
2967 24 38
2968 24 38
2969 24 38
2970 24 38
2971 24 38
2972 24 38
2973 24 38
2974 24 38
2975 24 38
2976 24 38
2977 24 38
2978 25 38
2979 25 38
2980 25 38
2981 25 38
2982 25 38
2983 25 38
2984 25 38
2985 25 38
2986 25 38
2987 25 38
2988 25 38
2989 25 38
2990 25 38
2991 25 38
2992 25 38
2993 25 38
2994 25 39
2995 25 39
2996 25 39
2997 25 39
2998 25 39
2999 25 39
3000 25 39
3001 25 39
3002 25 39
3003 25 39
3004 25 39
3005 25 39
3006 26 39
3007 26 39
3008 26 39
3009 26 39
3010 26 39
3011 26 39
3012 26 39
3013 26 39
3014 26 39
3015 26 39
3016 26 39
3017 26 39
3018 26 39
3019 26 39
3020 26 40
3021 26 40
3022 26 40
3023 26 40
3024 26 40
3025 26 40
3026 26 40
3027 26 40
3028 26 40
3029 26 40
3030 26 40
3031 26 40
3032 27 40
3033 27 40
3034 27 40
3035 27 40
3036 27 40
3037 27 40
3038 27 40
3039 27 40
3040 27 40
3041 27 40
3042 27 40
3043 27 40
3044 27 40
3045 27 40
3046 27 40
3047 27 40
3048 27 40
3049 27 40
3050 27 40
3051 27 40
3052 27 40
3053 27 40
3054 27 40
3055 27 40
3056 27 40
3057 27 40
3058 27 40
3059 27 40
3060 27 40
3061 27 40
3062 27 40
3063 27 40
3064 27 40
3065 28 40
3066 28 40
3067 28 40
3068 28 40
3069 28 40
3070 28 40
3071 29 40
3072 29 40
3073 29 40
3074 29 40
3075 29 40
3076 29 40
3077 29 40
3078 29 40
3079 29 40
3080 29 40
3081 30 40
3082 31 40
3083 31 40
3084 31 40
3085 31 40
3086 31 40
3087 31 40
3088 32 40
3089 32 40
3090 32 40
3091 32 40
3092 33 40
3093 33 40
3094 33 40
3095 33 40
3096 33 40
3097 34 40
3098 34 41
3099 34 41
3100 35 41
3101 35 41
3102 35 41
3103 36 41
3104 36 41
3105 36 41
3106 36 41
3107 36 41
3108 36 41
3109 36 41
3110 37 41
3111 37 41
3112 37 41
3113 37 41
3114 37 41
3115 37 41
3116 37 41
3117 37 41
3118 37 41
3119 37 41
3120 38 41
3121 38 41
3122 38 41
3123 39 41
3124 40 41
3125 41 41
3126 41 41
3127 41 41
3128 41 41
3129 41 41
3130 41 41
3131 41 41
3132 41 41
3133 41 41
3134 41 41
3135 41 41
3136 41 41
3137 41 41
3138 41 41
3139 41 42
3140 41 42
3141 41 42
3142 42 42
3143 42 42
3144 42 42
3145 42 42
3146 43 42
3147 43 42
3148 43 42
3149 44 42
3150 44 42
3151 44 42
3152 44 42
3153 45 42
3154 45 42
3155 45 42
3156 45 42
3157 45 42
3158 45 42
3159 45 42
3160 45 42
3161 46 42
3162 46 42
3163 47 42
3164 47 42
3165 47 42
3166 47 42
3167 47 42
3168 47 42
3169 47 42
3170 47 42
3171 47 43
3172 47 43
3173 47 43
3174 47 43
3175 47 43
3176 47 43
3177 47 43
3178 47 43
3179 47 43
3180 47 43
3181 47 43
3182 47 43
3183 47 43
3184 47 43
3185 47 43
3186 47 43
3187 47 43
3188 47 43
3189 47 43
3190 47 43
3191 47 43
3192 47 43
3193 47 43
3194 47 43
3195 47 43
3196 47 43
3197 47 43
3198 47 43
3199 47 43
3200 47 43
3201 48 44
3202 48 44
3203 48 44
3204 49 44
3205 49 44
3206 49 44
3207 50 44
3208 50 44
3209 50 44
3210 50 44
3211 51 44
3212 51 44
3213 51 44
3214 51 44
3215 51 44
3216 51 44
3217 51 44
3218 52 44
3219 53 44
3220 53 44
3221 53 44
3222 53 44
3223 53 44
3224 53 44
3225 53 44
3226 53 44
3227 54 44
3228 54 44
3229 55 44
3230 55 44
3231 55 44
3232 55 44
3233 56 44
3234 56 44
3235 57 44
3236 57 44
3237 57 44
3238 57 44
3239 57 44
3240 57 44
3241 58 45
3242 59 45
3243 60 45
3244 60 45
3245 60 45
3246 60 45
3247 63 45
3248 63 45
3249 64 45
3250 64 45
3251 65 45
3252 67 45
3253 68 45
3254 68 45
3255 69 45
3256 69 45
3257 71 45
3258 71 45
3259 72 45
3260 72 45
3261 72 45
3262 72 45
3263 73 45
3264 73 45
3265 73 45
3266 74 45
3267 74 45
3268 74 45
3269 74 45
3270 75 45
3271 77 45
3272 78 45
3273 81 45
3274 83 45
3275 83 45
3276 83 45
3277 83 45
3278 83 45
3279 83 45
3280 83 45
3281 83 45
3282 83 45
3283 83 45
3284 84 45
3285 95 45
3286 95 45
3287 95 45
3288 95 45
3289 95 45
3290 95 45
3291 95 45
3292 95 45
3293 95 45
3294 95 45
3295 95 46
3296 95 46
3297 95 46
3298 95 46
3299 95 46
3300 95 46
3301 95 46
3302 95 46
3303 95 46
3304 95 46
3305 95 46
3306 95 46
3307 95 46
3308 95 46
3309 95 46
3310 95 46
3311 95 46
3312 95 46
3313 95 46
3314 95 46
3315 95 46
3316 95 46
3317 95 46
3318 96 46
3319 100 46
