0 0 0
1 0 0
2 0 0
3 0 100
4 0 100
5 0 100
6 0 100
7 0 100
8 0 100
9 0 100
10 0 100
11 0 100
12 0 100
13 0 100
14 0 100
15 0 100
16 0 100
17 0 100
18 0 100
19 0 100
20 0 100
21 0 100
22 0 100
23 0 100
24 0 100
25 0 100
26 0 100
27 0 100
28 0 100
29 0 100
30 0 100
31 0 100
32 0 100
33 0 100
34 0 100
35 0 100
36 0 100
37 0 100
38 0 100
39 0 100
40 0 100
41 0 100
42 0 100
43 0 100
44 0 100
45 0 100
46 0 100
47 0 100
48 0 100
49 0 100
50 0 100
51 0 100
52 0 100
53 0 100
54 0 100
55 0 100
56 0 100
57 0 100
58 0 100
59 0 100
60 0 100
61 0 100
62 0 100
63 0 100
64 0 100
65 0 100
66 0 100
67 0 100
68 0 100
69 0 100
70 0 100
71 0 100
72 0 100
73 0 100
74 0 100
75 0 100
76 0 100
77 0 100
78 0 100
79 0 100
80 0 100
81 0 100
82 0 100
83 0 100
84 0 100
85 0 100
86 0 100
87 0 100
88 0 100
89 0 100
90 0 100
91 0 100
92 0 100
93 0 100
94 0 100
95 0 100
96 0 100
97 0 100
98 0 100
99 0 100
100 0 96
101 0 96
102 0 96
103 0 96
104 0 97
105 0 97
106 0 97
107 0 97
108 0 97
109 0 97
110 0 97
111 0 97
112 0 97
113 0 97
114 0 97
115 0 97
116 0 97
117 0 97
118 0 97
119 0 97
120 0 97
121 0 97
122 0 97
123 0 97
124 0 97
125 0 97
126 0 97
127 0 97
128 0 97
129 0 97
130 0 97
131 0 97
132 0 97
133 0 97
134 0 97
135 0 97
136 0 97
137 0 97
138 0 97
139 0 97
140 0 97
141 0 97
142 0 97
143 0 97
144 0 97
145 0 98
146 0 98
147 0 98
148 0 98
149 0 98
150 0 98
151 0 96
152 0 96
153 0 94
154 0 94
155 0 94
156 0 94
157 0 94
158 0 94
159 0 94
160 0 94
161 0 94
162 0 94
163 0 94
164 0 94
165 0 94
166 0 94
167 0 94
168 0 94
169 0 94
170 0 95
171 0 95
172 0 95
173 0 95
174 0 95
175 0 95
176 0 95
177 0 95
178 0 95
179 0 95
180 0 95
181 0 95
182 0 95
183 0 95
184 0 95
185 0 95
186 0 95
187 0 95
188 0 95
189 0 95
190 0 95
191 0 95
192 0 95
193 0 95
194 0 95
195 0 95
196 0 95
197 0 95
198 0 95
199 0 95
200 0 95
201 0 95
202 0 95
203 0 95
204 0 95
205 0 95
206 0 95
207 0 95
208 0 95
209 0 95
210 0 95
211 0 95
212 0 95
213 0 95
214 0 95
215 0 95
216 0 95
217 0 94
218 0 94
219 0 94
220 0 94
221 0 94
222 0 94
223 0 94
224 0 94
225 0 94
226 0 93
227 0 93
228 0 93
229 0 93
230 0 93
231 0 93
232 0 93
233 0 93
234 0 93
235 0 93
236 0 93
237 0 93
238 0 93
239 0 93
240 0 94
241 0 94
242 0 94
243 0 94
244 0 94
245 0 94
246 0 94
247 0 94
248 0 94
249 0 94
250 0 94
251 0 94
252 0 94
253 0 93
254 0 93
255 0 92
256 0 92
257 0 91
258 0 91
259 0 91
260 0 91
261 0 91
262 0 91
263 0 91
264 0 91
265 0 91
266 0 91
267 0 91
268 0 91
269 0 91
270 0 91
271 0 91
272 0 91
273 0 91
274 0 91
275 0 91
276 0 91
277 0 91
278 0 91
279 0 91
280 0 91
281 0 91
282 0 91
283 0 91
284 0 90
285 0 90
286 0 89
287 0 90
288 0 90
289 0 90
290 0 89
291 0 89
292 0 89
293 0 89
294 0 89
295 0 89
296 0 88
297 0 88
298 0 88
299 0 88
300 0 88
301 0 88
302 0 87
303 0 87
304 0 87
305 0 87
306 0 87
307 0 87
308 0 87
309 0 87
310 0 87
311 0 87
312 0 87
313 0 87
314 0 87
315 0 86
316 0 86
317 0 86
318 0 86
319 0 86
320 0 86
321 0 86
322 0 86
323 0 86
324 0 86
325 0 86
326 0 86
327 0 86
328 0 86
329 0 86
330 0 86
331 0 87
332 0 87
333 0 87
334 0 87
335 0 87
336 0 87
337 0 87
338 0 87
339 0 87
340 0 87
341 0 87
342 0 87
343 0 87
344 0 87
345 0 87
346 0 87
347 0 88
348 0 88
349 0 87
350 0 87
351 0 87
352 0 87
353 0 87
354 0 87
355 0 87
356 0 87
357 0 87
358 0 87
359 0 87
360 0 87
361 0 87
362 0 87
363 0 87
364 0 87
365 0 87
366 0 87
367 0 87
368 0 87
369 0 87
370 0 87
371 0 87
372 0 87
373 0 87
374 0 86
375 0 86
376 0 86
377 0 87
378 0 86
379 0 86
380 0 85
381 0 85
382 0 85
383 0 85
384 0 85
385 0 85
386 0 85
387 0 85
388 0 85
389 0 85
390 0 85
391 0 85
392 0 85
393 0 85
394 0 84
395 0 84
396 0 84
397 0 84
398 0 84
399 0 84
400 0 84
401 0 84
402 0 84
403 0 84
404 0 84
405 0 84
406 0 84
407 0 84
408 0 84
409 0 84
410 0 85
411 0 85
412 0 85
413 0 85
414 0 85
415 0 84
416 0 84
417 0 84
418 0 84
419 0 84
420 0 84
421 0 84
422 0 84
423 0 84
424 0 83
425 0 83
426 0 83
427 0 83
428 0 83
429 0 83
430 0 83
431 0 83
432 0 83
433 0 84
434 0 84
435 0 84
436 0 84
437 0 84
438 0 84
439 0 84
440 0 84
441 0 84
442 0 84
443 0 84
444 0 84
445 0 84
446 0 84
447 0 84
448 0 84
449 0 84
450 0 84
451 0 84
452 0 84
453 0 85
454 0 85
455 0 85
456 0 85
457 0 85
458 0 85
459 0 85
460 0 85
461 0 85
462 0 85
463 0 85
464 0 85
465 0 85
466 0 85
467 0 85
468 0 85
469 0 85
470 0 85
471 0 85
472 0 85
473 0 85
474 0 85
475 0 85
476 0 85
477 0 85
478 0 85
479 0 86
480 0 86
481 0 86
482 0 86
483 0 85
484 0 85
485 0 85
486 0 85
487 0 85
488 0 85
489 0 85
490 0 85
491 0 85
492 0 85
493 0 85
494 0 85
495 0 84
496 0 84
497 0 84
498 0 84
499 0 84
500 0 84
501 0 83
502 0 83
503 0 83
504 0 83
505 0 83
506 0 83
507 0 83
508 0 83
509 0 83
510 0 83
511 0 83
512 0 83
513 0 83
514 0 83
515 0 83
516 0 83
517 0 83
518 0 83
519 0 83
520 0 83
521 0 83
522 0 83
523 0 83
524 0 83
525 0 83
526 0 83
527 0 83
528 0 83
529 0 83
530 0 83
531 0 83
532 0 83
533 0 83
534 0 83
535 0 83
536 0 83
537 0 83
538 0 83
539 0 83
540 0 83
541 0 83
542 0 83
543 0 83
544 0 83
545 0 83
546 0 83
547 0 83
548 0 83
549 0 83
550 0 83
551 0 83
552 0 83
553 0 83
554 0 83
555 0 83
556 0 83
557 0 83
558 0 83
559 0 83
560 0 83
561 0 83
562 0 83
563 0 83
564 0 83
565 0 83
566 0 83
567 0 83
568 0 83
569 0 83
570 0 83
571 0 83
572 0 83
573 0 82
574 0 82
575 0 82
576 0 82
577 0 82
578 0 82
579 0 82
580 0 82
581 0 82
582 0 82
583 0 82
584 0 82
585 0 82
586 0 82
587 0 82
588 0 82
589 0 82
590 0 82
591 0 82
592 0 82
593 0 82
594 0 82
595 0 83
596 0 83
597 0 83
598 0 83
599 0 83
600 0 83
601 0 83
602 0 83
603 0 83
604 0 83
605 0 83
606 0 83
607 0 83
608 0 83
609 0 83
610 0 83
611 0 83
612 0 83
613 0 83
614 0 83
615 0 83
616 0 83
617 0 83
618 0 83
619 0 83
620 0 82
621 0 82
622 0 83
623 0 83
624 0 83
625 0 83
626 0 83
627 0 83
628 0 83
629 0 82
630 0 82
631 0 82
632 0 82
633 0 82
634 0 82
635 0 83
636 0 83
637 0 83
638 0 83
639 0 83
640 0 83
641 0 83
642 0 83
643 0 83
644 0 83
645 0 83
646 0 83
647 0 83
648 0 83
649 0 83
650 0 83
651 0 83
652 0 83
653 0 83
654 0 83
655 0 83
656 0 82
657 0 82
658 0 82
659 0 82
660 0 82
661 0 82
662 0 82
663 0 82
664 0 82
665 0 82
666 0 82
667 0 82
668 0 82
669 0 82
670 0 82
671 0 82
672 0 82
673 0 81
674 0 81
675 0 81
676 0 81
677 0 81
678 0 81
679 0 81
680 0 81
681 0 81
682 0 81
683 0 81
684 0 81
685 0 81
686 0 81
687 0 81
688 0 81
689 0 81
690 0 81
691 0 81
692 0 81
693 0 81
694 0 81
695 0 81
696 0 81
697 0 81
698 0 81
699 0 81
700 0 81
701 0 81
702 0 81
703 0 81
704 0 81
705 0 82
706 0 82
707 0 82
708 0 82
709 0 82
710 0 82
711 0 82
712 0 82
713 0 82
714 0 81
715 0 81
716 0 81
717 0 81
718 0 81
719 0 82
720 0 82
721 0 81
722 0 81
723 0 81
724 0 81
725 0 81
726 0 82
727 0 82
728 0 82
729 0 82
730 0 82
731 0 82
732 0 82
733 0 82
734 0 82
735 0 82
736 0 82
737 0 82
738 0 82
739 0 82
740 0 82
741 0 82
742 0 82
743 0 82
744 0 82
745 0 82
746 0 82
747 0 82
748 0 82
749 0 82
750 0 82
751 0 82
752 0 82
753 0 82
754 0 82
755 0 82
756 0 82
757 0 82
758 0 82
759 0 82
760 0 82
761 0 82
762 0 82
763 0 82
764 0 82
765 0 82
766 0 82
767 0 82
768 0 82
769 0 82
770 0 82
771 0 82
772 0 82
773 0 82
774 0 82
775 0 82
776 0 82
777 0 82
778 0 82
779 0 82
780 0 82
781 0 82
782 0 82
783 0 82
784 0 82
785 0 82
786 0 82
787 0 82
788 0 82
789 0 82
790 0 82
791 0 82
792 0 82
793 0 82
794 0 82
795 0 82
796 0 82
797 0 82
798 0 82
799 0 82
800 0 82
801 0 82
802 0 82
803 0 81
804 0 81
805 0 81
806 0 81
807 0 81
808 0 81
809 0 81
810 0 81
811 0 81
812 0 81
813 0 81
814 0 81
815 0 81
816 0 81
817 0 80
818 0 80
819 0 80
820 0 80
821 0 80
822 0 80
823 0 80
824 0 80
825 0 80
826 0 79
827 0 79
828 0 79
829 0 79
830 0 79
831 0 79
832 0 79
833 0 79
834 0 79
835 0 79
836 0 79
837 0 79
838 0 79
839 0 79
840 0 79
841 0 79
842 0 78
843 0 78
844 0 79
845 0 79
846 0 78
847 0 78
848 0 78
849 0 78
850 0 78
851 0 78
852 0 78
853 0 78
854 0 78
855 0 78
856 0 78
857 0 78
858 0 78
859 0 78
860 0 78
861 0 78
862 0 78
863 0 78
864 0 78
865 0 78
866 0 78
867 0 78
868 0 78
869 0 78
870 0 78
871 0 78
872 0 78
873 0 78
874 0 78
875 0 78
876 0 78
877 0 78
878 0 78
879 0 78
880 0 78
881 0 78
882 0 78
883 0 78
884 0 78
885 0 78
886 0 78
887 0 78
888 0 78
889 0 78
890 0 78
891 0 78
892 0 78
893 0 78
894 0 78
895 0 78
896 0 78
897 0 78
898 0 78
899 0 78
900 0 78
901 0 78
902 0 78
903 0 78
904 0 78
905 0 78
906 0 78
907 1 78
908 1 78
909 1 78
910 1 78
911 1 78
912 1 78
913 1 78
914 1 78
915 1 78
916 1 78
917 1 78
918 1 78
919 1 78
920 1 78
921 1 78
922 1 78
923 1 78
924 1 78
925 1 78
926 1 78
927 1 78
928 1 78
929 1 78
930 1 78
931 1 78
932 1 78
933 1 78
934 1 78
935 1 78
936 1 78
937 1 78
938 1 78
939 1 78
940 1 78
941 1 78
942 1 78
943 1 78
944 1 78
945 1 78
946 1 78
947 1 78
948 1 78
949 1 78
950 1 78
951 1 78
952 1 78
953 1 78
954 1 78
955 1 78
956 1 78
957 1 78
958 1 78
959 1 78
960 1 78
961 1 78
962 1 78
963 1 78
964 1 77
965 1 77
966 1 77
967 1 77
968 1 77
969 1 77
970 1 77
971 1 77
972 1 77
973 1 77
974 1 77
975 1 77
976 1 77
977 1 77
978 1 77
979 1 77
980 1 77
981 1 77
982 1 77
983 1 77
984 1 77
985 1 77
986 1 77
987 1 77
988 1 77
989 1 77
990 1 77
991 1 77
992 1 77
993 1 77
994 1 77
995 1 77
996 1 77
997 1 76
998 1 76
999 1 76
1000 1 76
1001 1 76
1002 1 76
1003 1 76
1004 1 76
1005 1 76
1006 1 76
1007 1 76
1008 1 76
1009 1 76
1010 1 76
1011 1 76
1012 1 76
1013 1 76
1014 1 76
1015 1 76
1016 1 76
1017 1 76
1018 1 76
1019 1 76
1020 1 76
1021 1 76
1022 1 76
1023 1 76
1024 1 76
1025 1 76
1026 1 76
1027 1 76
1028 1 76
1029 1 76
1030 1 76
1031 1 76
1032 1 76
1033 1 76
1034 1 76
1035 1 76
1036 1 76
1037 1 76
1038 1 76
1039 1 76
1040 1 76
1041 1 76
1042 1 76
1043 1 76
1044 1 76
1045 1 76
1046 1 75
1047 1 75
1048 1 75
1049 1 75
1050 1 75
1051 1 76
1052 1 76
1053 1 76
1054 1 76
1055 1 76
1056 1 76
1057 1 76
1058 1 76
1059 1 76
1060 1 76
1061 1 76
1062 1 76
1063 1 76
1064 1 76
1065 1 76
1066 1 76
1067 1 76
1068 1 76
1069 1 76
1070 1 76
1071 1 76
1072 1 76
1073 1 76
1074 1 76
1075 1 76
1076 1 76
1077 1 76
1078 1 76
1079 1 76
1080 1 76
1081 1 76
1082 1 76
1083 1 76
1084 1 76
1085 1 76
1086 1 76
1087 1 76
1088 1 76
1089 1 76
1090 1 76
1091 1 76
1092 1 76
1093 1 76
1094 1 76
1095 1 76
1096 1 75
1097 1 75
1098 1 75
1099 1 75
1100 1 76
1101 1 76
1102 1 76
1103 1 76
1104 1 76
1105 1 76
1106 1 76
1107 1 76
1108 1 76
1109 1 76
1110 1 76
1111 1 76
1112 1 76
1113 1 76
1114 1 76
1115 1 76
1116 1 76
1117 1 76
1118 1 76
1119 1 76
1120 1 76
1121 1 76
1122 1 76
1123 1 75
1124 1 75
1125 1 75
1126 1 75
1127 1 75
1128 1 76
1129 1 76
1130 1 76
1131 1 76
1132 1 76
1133 1 75
1134 1 75
1135 1 75
1136 1 75
1137 1 75
1138 1 75
1139 1 75
1140 1 75
1141 1 75
1142 1 75
1143 1 75
1144 1 75
1145 1 75
1146 1 75
1147 1 75
1148 1 74
1149 1 74
1150 1 74
1151 1 74
1152 1 74
1153 1 74
1154 1 74
1155 1 74
1156 1 74
1157 1 74
1158 1 74
1159 1 74
1160 1 74
1161 1 74
1162 1 74
1163 1 74
1164 1 73
1165 1 73
1166 1 73
1167 1 73
1168 1 73
1169 1 73
1170 1 73
1171 1 73
1172 1 73
1173 1 73
1174 1 73
1175 1 73
1176 1 73
1177 1 73
1178 1 73
1179 1 73
1180 1 73
1181 1 73
1182 1 73
1183 1 73
1184 1 73
1185 1 73
1186 1 73
1187 1 73
1188 1 73
1189 1 73
1190 1 73
1191 1 73
1192 1 73
1193 1 72
1194 1 72
1195 1 72
1196 1 72
1197 1 72
1198 1 72
1199 1 72
1200 1 72
1201 1 72
1202 1 72
1203 1 72
1204 1 72
1205 1 72
1206 1 72
1207 1 72
1208 1 72
1209 1 72
1210 1 72
1211 1 72
1212 1 72
1213 1 71
1214 1 71
1215 1 71
1216 1 71
1217 1 71
1218 1 71
1219 1 71
1220 1 71
1221 1 70
1222 1 70
1223 1 70
1224 1 70
1225 1 70
1226 1 70
1227 1 70
1228 1 70
1229 1 70
1230 1 70
1231 1 70
1232 1 70
1233 1 70
1234 1 69
1235 1 69
1236 1 69
1237 1 69
1238 1 69
1239 1 69
1240 1 69
1241 1 69
1242 1 68
1243 1 68
1244 1 68
1245 1 68
1246 1 68
1247 1 68
1248 1 68
1249 1 68
1250 1 68
1251 1 69
1252 1 69
1253 1 69
1254 1 69
1255 1 69
1256 1 69
1257 1 69
1258 1 69
1259 1 69
1260 1 69
1261 1 69
1262 1 69
1263 1 69
1264 1 68
1265 1 68
1266 1 68
1267 1 68
1268 1 68
1269 1 68
1270 1 68
1271 1 68
1272 1 68
1273 1 68
1274 1 68
1275 1 68
1276 1 68
1277 1 68
1278 1 68
1279 1 68
1280 1 68
1281 1 68
1282 1 68
1283 1 68
1284 1 68
1285 1 68
1286 1 68
1287 1 68
1288 1 68
1289 1 68
1290 1 68
1291 1 68
1292 2 68
1293 2 68
1294 2 68
1295 2 68
1296 2 68
1297 2 68
1298 2 68
1299 2 68
1300 2 68
1301 2 68
1302 2 68
1303 2 67
1304 2 67
1305 2 67
1306 2 67
1307 2 67
1308 2 67
1309 2 67
1310 2 67
1311 2 67
1312 2 67
1313 2 67
1314 2 67
1315 2 67
1316 2 67
1317 2 67
1318 2 66
1319 2 66
1320 2 66
1321 2 66
1322 2 66
1323 2 66
1324 2 66
1325 2 66
1326 2 66
1327 2 66
1328 2 66
1329 2 66
1330 2 66
1331 2 66
1332 2 66
1333 2 66
1334 2 66
1335 2 66
1336 2 66
1337 2 66
1338 2 66
1339 2 66
1340 2 66
1341 2 66
1342 2 66
1343 2 66
1344 2 66
1345 2 66
1346 2 65
1347 2 65
1348 2 66
1349 2 65
1350 2 65
1351 2 65
1352 2 65
1353 2 65
1354 2 65
1355 2 65
1356 2 65
1357 2 65
1358 2 65
1359 2 65
1360 2 65
1361 2 65
1362 2 65
1363 2 65
1364 2 64
1365 2 64
1366 2 64
1367 2 64
1368 2 64
1369 2 64
1370 2 64
1371 2 64
1372 2 64
1373 2 64
1374 2 64
1375 2 64
1376 2 64
1377 2 64
1378 2 64
1379 2 64
1380 2 64
1381 2 64
1382 2 64
1383 2 64
1384 2 64
1385 2 64
1386 2 64
1387 2 64
1388 2 64
1389 2 64
1390 2 64
1391 2 64
1392 2 64
1393 2 64
1394 2 64
1395 2 64
1396 2 64
1397 2 64
1398 2 64
1399 2 64
1400 2 63
1401 2 63
1402 2 63
1403 2 63
1404 2 64
1405 2 64
1406 2 64
1407 2 63
1408 2 63
1409 2 63
1410 2 63
1411 2 63
1412 2 63
1413 2 63
1414 2 63
1415 2 63
1416 2 63
1417 2 63
1418 2 63
1419 2 63
1420 2 63
1421 2 63
1422 2 63
1423 2 63
1424 2 63
1425 2 63
1426 2 63
1427 2 63
1428 2 63
1429 2 63
1430 2 63
1431 2 63
1432 2 63
1433 2 63
1434 2 63
1435 2 63
1436 2 63
1437 2 63
1438 2 63
1439 2 63
1440 2 63
1441 2 63
1442 2 63
1443 2 63
1444 2 63
1445 2 63
1446 2 63
1447 2 63
1448 2 62
1449 2 63
1450 2 63
1451 2 63
1452 2 62
1453 2 62
1454 2 62
1455 2 62
1456 2 62
1457 2 62
1458 2 62
1459 2 62
1460 2 62
1461 2 62
1462 2 62
1463 2 62
1464 2 62
1465 2 62
1466 2 62
1467 2 62
1468 2 62
1469 2 62
1470 2 62
1471 2 62
1472 2 62
1473 2 62
1474 2 62
1475 2 62
1476 2 62
1477 2 62
1478 2 62
1479 2 62
1480 2 62
1481 2 61
1482 2 61
1483 2 61
1484 2 61
1485 2 61
1486 2 61
1487 2 61
1488 2 61
1489 2 61
1490 2 61
1491 2 61
1492 2 61
1493 2 61
1494 2 61
1495 2 61
1496 2 61
1497 2 61
1498 2 61
1499 2 61
1500 2 61
1501 2 61
1502 2 61
1503 2 61
1504 2 61
1505 2 61
1506 2 61
1507 2 61
1508 2 61
1509 2 61
1510 2 61
1511 2 61
1512 2 61
1513 2 61
1514 2 61
1515 2 61
1516 2 61
1517 2 60
1518 2 61
1519 2 60
1520 2 60
1521 2 60
1522 2 60
1523 2 60
1524 2 60
1525 2 60
1526 2 60
1527 2 60
1528 2 60
1529 2 60
1530 2 60
1531 2 60
1532 2 60
1533 2 60
1534 2 60
1535 2 60
1536 2 60
1537 2 60
1538 2 60
1539 2 59
1540 2 59
1541 2 59
1542 2 59
1543 2 59
1544 2 59
1545 2 59
1546 2 59
1547 2 59
1548 2 59
1549 2 59
1550 2 59
1551 2 59
1552 2 59
1553 2 59
1554 2 59
1555 2 59
1556 2 59
1557 2 59
1558 2 59
1559 2 59
1560 2 59
1561 2 59
1562 2 59
1563 2 59
1564 2 59
1565 2 59
1566 2 58
1567 2 58
1568 2 58
1569 2 58
1570 2 58
1571 2 58
1572 2 58
1573 2 58
1574 2 58
1575 2 58
1576 2 58
1577 2 58
1578 2 58
1579 2 58
1580 2 58
1581 2 58
1582 2 58
1583 2 58
1584 3 58
1585 3 58
1586 3 58
1587 3 58
1588 3 58
1589 3 58
1590 3 58
1591 3 58
1592 3 58
1593 3 58
1594 3 58
1595 3 58
1596 3 58
1597 3 58
1598 3 57
1599 3 57
1600 3 57
1601 3 57
1602 3 57
1603 3 57
1604 3 57
1605 3 57
1606 3 57
1607 3 57
1608 3 57
1609 3 57
1610 3 57
1611 3 57
1612 3 57
1613 3 57
1614 3 57
1615 3 57
1616 3 57
1617 3 57
1618 3 57
1619 3 57
1620 3 57
1621 3 57
1622 3 56
1623 3 56
1624 3 56
1625 3 56
1626 3 56
1627 3 56
1628 3 56
1629 3 56
1630 3 56
1631 3 56
1632 3 56
1633 3 56
1634 3 56
1635 3 56
1636 3 56
1637 3 56
1638 3 56
1639 3 56
1640 3 56
1641 3 56
1642 3 56
1643 3 56
1644 3 56
1645 3 56
1646 3 56
1647 3 56
1648 3 56
1649 3 56
1650 3 56
1651 3 56
1652 3 56
1653 3 56
1654 3 56
1655 3 56
1656 3 55
1657 3 55
1658 3 55
1659 3 55
1660 3 55
1661 3 55
1662 3 55
1663 3 55
1664 3 55
1665 3 55
1666 3 55
1667 3 55
1668 3 55
1669 3 55
1670 3 55
1671 3 55
1672 3 55
1673 3 55
1674 3 55
1675 3 55
1676 3 55
1677 3 55
1678 3 55
1679 3 55
1680 3 55
1681 3 55
1682 3 55
1683 3 55
1684 3 55
1685 3 55
1686 3 55
1687 3 55
1688 3 55
1689 3 54
1690 3 54
1691 3 54
1692 3 54
1693 3 54
1694 3 54
1695 3 54
1696 3 54
1697 3 54
1698 3 54
1699 3 54
1700 3 54
1701 3 54
1702 3 54
1703 3 54
1704 3 54
1705 3 54
1706 3 54
1707 3 54
1708 3 54
1709 3 54
1710 3 54
1711 3 54
1712 3 54
1713 3 54
1714 3 54
1715 3 54
1716 3 54
1717 3 54
1718 3 54
1719 3 53
1720 3 53
1721 3 53
1722 3 53
1723 3 53
1724 3 53
1725 3 53
1726 3 53
1727 3 53
1728 3 53
1729 3 53
1730 3 53
1731 3 53
1732 3 53
1733 3 53
1734 3 53
1735 3 53
1736 3 53
1737 3 53
1738 3 53
1739 3 53
1740 3 53
1741 3 53
1742 3 53
1743 3 53
1744 3 53
1745 3 53
1746 3 53
1747 3 53
1748 3 53
1749 3 52
1750 3 52
1751 3 52
1752 3 52
1753 3 52
1754 3 52
1755 3 52
1756 3 52
1757 3 52
1758 3 52
1759 3 52
1760 3 52
1761 3 52
1762 3 52
1763 3 52
1764 3 52
1765 3 52
1766 3 52
1767 3 52
1768 3 52
1769 3 52
1770 3 52
1771 3 52
1772 3 52
1773 3 52
1774 3 52
1775 3 52
1776 3 52
1777 3 52
1778 3 52
1779 3 51
1780 3 51
1781 3 51
1782 3 51
1783 3 51
1784 3 51
1785 3 51
1786 3 51
1787 3 51
1788 3 51
1789 3 51
1790 3 51
1791 3 51
1792 3 51
1793 3 51
1794 3 51
1795 3 51
1796 3 51
1797 3 51
1798 3 51
1799 3 51
1800 3 51
1801 3 51
1802 3 51
1803 3 51
1804 3 51
1805 3 51
1806 3 51
1807 3 51
1808 3 51
1809 4 51
1810 4 51
1811 4 51
1812 4 51
1813 4 51
1814 4 51
1815 4 51
1816 4 51
1817 4 51
1818 4 51
1819 4 51
1820 4 51
1821 4 51
1822 4 51
1823 4 51
1824 4 51
1825 4 51
1826 4 51
1827 4 51
1828 4 51
1829 4 51
1830 4 51
1831 4 51
1832 4 51
1833 4 51
1834 4 51
1835 4 50
1836 4 51
1837 4 51
1838 4 50
1839 4 50
1840 4 51
1841 4 51
1842 4 51
1843 4 51
1844 4 50
1845 4 51
1846 4 50
1847 4 50
1848 4 51
1849 4 51
1850 4 50
1851 4 51
1852 4 51
1853 4 51
1854 4 51
1855 4 50
1856 4 51
1857 4 50
1858 4 50
1859 4 50
1860 4 50
1861 4 50
1862 4 50
1863 4 50
1864 4 50
1865 4 50
1866 4 50
1867 4 50
1868 4 50
1869 4 50
1870 4 50
1871 4 50
1872 4 50
1873 4 50
1874 4 50
1875 4 50
1876 4 50
1877 4 50
1878 4 50
1879 4 50
1880 4 50
1881 4 50
1882 4 50
1883 4 50
1884 4 50
1885 4 50
1886 4 50
1887 4 50
1888 4 50
1889 4 50
1890 4 50
1891 4 50
1892 4 50
1893 4 49
1894 4 49
1895 4 49
1896 4 49
1897 4 49
1898 4 49
1899 4 49
1900 4 49
1901 4 49
1902 4 49
1903 4 49
1904 4 49
1905 4 49
1906 4 49
1907 4 49
1908 4 49
1909 4 49
1910 4 49
1911 4 49
1912 4 49
1913 4 49
1914 4 49
1915 4 49
1916 4 49
1917 4 49
1918 4 49
1919 4 49
1920 4 49
1921 4 49
1922 4 49
1923 4 49
1924 4 49
1925 4 49
1926 4 48
1927 4 48
1928 4 48
1929 4 49
1930 4 48
1931 4 49
1932 4 49
1933 4 49
1934 4 48
1935 4 48
1936 4 48
1937 4 48
1938 4 48
1939 4 48
1940 4 48
1941 4 48
1942 4 48
1943 4 48
1944 4 48
1945 4 48
1946 4 48
1947 4 48
1948 4 48
1949 4 48
1950 4 48
1951 4 48
1952 4 48
1953 4 48
1954 5 48
1955 5 48
1956 5 48
1957 5 48
1958 5 48
1959 5 48
1960 5 48
1961 5 48
1962 5 48
1963 5 48
1964 5 47
1965 5 47
1966 5 47
1967 5 47
1968 5 48
1969 5 48
1970 5 48
1971 5 48
1972 5 48
1973 5 48
1974 5 48
1975 5 48
1976 5 48
1977 5 48
1978 5 48
1979 5 48
1980 5 48
1981 5 48
1982 5 48
1983 5 48
1984 5 48
1985 5 48
1986 5 48
1987 5 48
1988 5 48
1989 5 48
1990 5 48
1991 5 48
1992 5 48
1993 5 48
1994 5 48
1995 5 48
1996 5 48
1997 5 49
1998 5 49
1999 5 49
2000 5 49
2001 5 49
2002 5 49
2003 5 49
2004 5 49
2005 5 49
2006 5 49
2007 5 49
2008 5 49
2009 5 49
2010 5 49
2011 5 49
2012 5 49
2013 5 49
2014 5 49
2015 5 49
2016 5 49
2017 5 49
2018 5 49
2019 5 49
2020 5 49
2021 5 49
2022 5 49
2023 5 49
2024 5 49
2025 5 49
2026 5 49
2027 5 49
2028 5 49
2029 5 49
2030 5 49
2031 5 49
2032 5 49
2033 5 49
2034 5 49
2035 5 49
2036 5 49
2037 5 49
2038 5 49
2039 5 48
2040 5 48
2041 5 48
2042 5 48
2043 5 48
2044 5 48
2045 5 48
2046 5 48
2047 5 48
2048 5 48
2049 5 48
2050 5 48
2051 5 48
2052 5 48
2053 5 48
2054 5 48
2055 5 48
2056 5 48
2057 5 48
2058 5 48
2059 5 48
2060 5 48
2061 5 48
2062 5 48
2063 5 48
2064 5 48
2065 5 48
2066 5 48
2067 5 48
2068 5 48
2069 5 48
2070 5 48
2071 5 48
2072 5 48
2073 5 48
2074 5 48
2075 5 48
2076 5 48
2077 5 47
2078 5 47
2079 5 47
2080 5 47
2081 5 47
2082 5 47
2083 5 47
2084 5 47
2085 5 47
2086 5 47
2087 5 47
2088 5 47
2089 5 47
2090 5 47
2091 5 47
2092 5 47
2093 5 47
2094 5 47
2095 5 47
2096 5 47
2097 5 47
2098 5 47
2099 5 47
2100 5 47
2101 5 47
2102 5 47
2103 5 47
2104 5 47
2105 5 47
2106 5 47
2107 5 47
2108 5 47
2109 5 47
2110 5 47
2111 5 47
2112 5 47
2113 5 47
2114 5 47
2115 5 47
2116 5 47
2117 5 47
2118 5 47
2119 5 47
2120 5 47
2121 5 47
2122 5 47
2123 6 47
2124 6 47
2125 6 47
2126 6 47
2127 6 47
2128 6 47
2129 6 47
2130 6 47
2131 6 47
2132 6 46
2133 6 46
2134 6 46
2135 6 46
2136 6 46
2137 6 46
2138 6 46
2139 6 46
2140 6 46
2141 6 46
2142 6 46
2143 6 46
2144 6 46
2145 6 46
2146 6 46
2147 6 46
2148 6 46
2149 6 46
2150 6 46
2151 6 46
2152 6 46
2153 6 46
2154 6 46
2155 6 46
2156 6 46
2157 6 46
2158 6 46
2159 6 46
2160 6 46
2161 6 46
2162 6 46
2163 6 46
2164 6 46
2165 6 46
2166 6 46
2167 6 46
2168 6 45
2169 6 45
2170 6 45
2171 6 45
2172 6 45
2173 6 45
2174 6 45
2175 6 45
2176 6 45
2177 6 45
2178 6 45
2179 6 45
2180 6 45
2181 6 45
2182 6 45
2183 6 45
2184 6 45
2185 6 45
2186 6 45
2187 6 45
2188 6 45
2189 6 45
2190 6 45
2191 6 45
2192 6 45
2193 6 45
2194 6 45
2195 6 45
2196 6 45
2197 6 45
2198 6 45
2199 6 45
2200 6 45
2201 6 45
2202 6 45
2203 6 45
2204 6 45
2205 6 45
2206 6 45
2207 6 45
2208 6 45
2209 6 45
2210 6 45
2211 6 45
2212 6 44
2213 6 44
2214 6 44
2215 6 44
2216 6 44
2217 6 44
2218 6 44
2219 6 44
2220 6 44
2221 6 44
2222 6 44
2223 6 44
2224 6 44
2225 6 44
2226 6 44
2227 6 44
2228 6 44
2229 6 44
2230 6 44
2231 6 44
2232 6 44
2233 6 44
2234 6 44
2235 6 44
2236 6 44
2237 6 45
2238 6 45
2239 6 45
2240 6 45
2241 6 45
2242 6 45
2243 6 45
2244 7 45
2245 7 45
2246 7 45
2247 7 45
2248 7 45
2249 7 45
2250 7 45
2251 7 45
2252 7 45
2253 7 45
2254 7 45
2255 7 45
2256 7 45
2257 7 45
2258 7 45
2259 7 45
2260 7 45
2261 7 45
2262 7 45
2263 7 45
2264 7 45
2265 7 45
2266 7 45
2267 7 45
2268 7 45
2269 7 45
2270 7 45
2271 7 45
2272 7 45
2273 7 45
2274 7 44
2275 7 44
2276 7 44
2277 7 44
2278 7 44
2279 7 44
2280 7 44
2281 7 44
2282 7 44
2283 7 44
2284 7 44
2285 7 44
2286 7 44
2287 7 44
2288 7 44
2289 7 44
2290 7 44
2291 7 44
2292 7 44
2293 7 44
2294 7 44
2295 7 44
2296 7 44
2297 7 44
2298 7 44
2299 7 44
2300 7 44
2301 7 44
2302 7 44
2303 7 44
2304 7 44
2305 7 44
2306 7 44
2307 7 44
2308 7 44
2309 7 44
2310 7 44
2311 7 44
2312 7 44
2313 7 44
2314 7 44
2315 7 44
2316 7 44
2317 7 44
2318 7 44
2319 7 44
2320 7 43
2321 7 43
2322 7 43
2323 7 43
2324 7 43
2325 7 43
2326 7 43
2327 7 43
2328 7 43
2329 7 43
2330 7 43
2331 7 43
2332 7 43
2333 7 43
2334 7 43
2335 7 43
2336 7 43
2337 7 43
2338 7 43
2339 7 43
2340 7 43
2341 7 43
2342 7 43
2343 7 43
2344 7 43
2345 7 43
2346 8 43
2347 8 43
2348 8 43
2349 8 43
2350 8 43
2351 8 43
2352 8 43
2353 8 43
2354 8 43
2355 8 43
2356 8 43
2357 8 43
2358 8 43
2359 8 43
2360 8 43
2361 8 43
2362 8 43
2363 8 43
2364 8 43
2365 8 43
2366 8 43
2367 8 43
2368 8 43
2369 8 43
2370 8 43
2371 8 43
2372 8 43
2373 8 43
2374 8 43
2375 8 43
2376 8 43
2377 8 43
2378 8 43
2379 8 44
2380 8 44
2381 8 44
2382 8 44
2383 8 44
2384 8 44
2385 8 44
2386 8 43
2387 8 43
2388 8 43
2389 8 43
2390 8 43
2391 8 43
2392 8 43
2393 8 43
2394 8 43
2395 8 43
2396 8 43
2397 8 43
2398 8 43
2399 8 43
2400 8 43
2401 8 43
2402 8 43
2403 8 43
2404 8 43
2405 8 43
2406 8 43
2407 8 43
2408 8 43
2409 8 43
2410 8 43
2411 8 43
2412 8 43
2413 8 43
2414 8 43
2415 8 43
2416 8 43
2417 8 43
2418 8 43
2419 8 43
2420 8 43
2421 8 43
2422 8 43
2423 8 43
2424 8 43
2425 8 43
2426 8 43
2427 8 43
2428 8 43
2429 8 43
2430 8 43
2431 8 43
2432 8 42
2433 8 42
2434 8 42
2435 8 42
2436 8 42
2437 8 42
2438 9 42
2439 9 42
2440 9 42
2441 9 42
2442 9 42
2443 9 42
2444 9 42
2445 9 42
2446 9 42
2447 9 42
2448 9 42
2449 9 42
2450 9 42
2451 9 42
2452 9 42
2453 9 42
2454 9 42
2455 9 42
2456 9 42
2457 9 42
2458 9 42
2459 9 42
2460 9 42
2461 9 42
2462 9 42
2463 9 42
2464 9 42
2465 9 42
2466 9 42
2467 9 42
2468 9 42
2469 9 42
2470 9 42
2471 9 42
2472 9 42
2473 9 42
2474 9 42
2475 9 42
2476 9 42
2477 9 42
2478 9 42
2479 9 41
2480 9 41
2481 9 41
2482 9 41
2483 9 41
2484 9 41
2485 9 41
2486 9 41
2487 9 41
2488 9 41
2489 9 41
2490 9 41
2491 9 41
2492 9 41
2493 9 41
2494 9 41
2495 9 41
2496 9 41
2497 9 41
2498 9 41
2499 9 41
2500 9 41
2501 10 41
2502 10 41
2503 10 41
2504 10 41
2505 10 41
2506 10 41
2507 10 41
2508 10 41
2509 10 41
2510 10 41
2511 10 41
2512 10 41
2513 10 41
2514 10 41
2515 10 41
2516 10 41
2517 10 41
2518 10 41
2519 10 41
2520 10 41
2521 10 41
2522 10 41
2523 10 41
2524 10 41
2525 10 41
2526 10 41
2527 10 41
2528 10 41
2529 10 41
2530 10 40
2531 10 41
2532 10 41
2533 10 40
2534 10 40
2535 10 40
2536 10 40
2537 10 40
2538 10 40
2539 10 40
2540 10 40
2541 10 40
2542 10 40
2543 10 40
2544 10 40
2545 10 40
2546 10 40
2547 10 40
2548 10 40
2549 10 40
2550 10 40
2551 10 40
2552 10 40
2553 10 40
2554 10 40
2555 10 40
2556 10 40
2557 10 40
2558 10 40
2559 10 40
2560 10 40
2561 10 40
2562 10 40
2563 10 40
2564 10 40
2565 10 40
2566 10 40
2567 10 40
2568 10 40
2569 10 40
2570 10 40
2571 10 40
2572 10 40
2573 10 40
2574 10 40
2575 10 40
2576 10 40
2577 11 40
2578 11 40
2579 11 40
2580 11 40
2581 11 40
2582 11 40
2583 11 40
2584 11 40
2585 11 40
2586 11 40
2587 11 40
2588 11 40
2589 11 40
2590 11 40
2591 11 40
2592 11 40
2593 11 40
2594 11 40
2595 11 40
2596 11 40
2597 11 40
2598 11 40
2599 11 40
2600 11 40
2601 11 40
2602 11 40
2603 11 40
2604 11 40
2605 11 40
2606 11 40
2607 11 40
2608 11 40
2609 11 40
2610 11 40
2611 11 40
2612 11 40
2613 11 40
2614 11 40
2615 11 40
2616 11 40
2617 11 40
2618 11 40
2619 11 40
2620 11 40
2621 11 40
2622 11 40
2623 11 40
2624 11 40
2625 11 40
2626 11 40
2627 11 40
2628 11 40
2629 11 40
2630 11 39
2631 11 39
2632 11 39
2633 11 39
2634 11 39
2635 11 39
2636 11 39
2637 12 39
2638 12 39
2639 12 39
2640 12 39
2641 12 39
2642 12 39
2643 12 39
2644 12 39
2645 12 39
2646 12 39
2647 12 39
2648 12 39
2649 12 39
2650 12 39
2651 12 39
2652 12 39
2653 12 39
2654 12 39
2655 12 39
2656 12 39
2657 12 39
2658 12 39
2659 12 39
2660 12 39
2661 12 39
2662 12 39
2663 12 39
2664 12 39
2665 12 39
2666 12 39
2667 12 39
2668 12 39
2669 12 39
2670 12 39
2671 12 39
2672 12 39
2673 12 39
2674 12 39
2675 12 39
2676 12 39
2677 12 39
2678 12 39
2679 12 39
2680 12 39
2681 12 39
2682 12 39
2683 12 39
2684 12 39
2685 13 39
2686 13 39
2687 13 39
2688 13 39
2689 13 39
2690 13 39
2691 13 39
2692 13 39
2693 13 39
2694 13 39
2695 13 39
2696 13 39
2697 13 39
2698 13 39
2699 13 39
2700 13 39
2701 13 39
2702 13 39
2703 13 39
2704 13 39
2705 13 39
2706 13 39
2707 13 39
2708 13 39
2709 13 39
2710 13 39
2711 13 39
2712 13 39
2713 13 39
2714 13 39
2715 13 39
2716 13 39
2717 13 39
2718 13 39
2719 13 39
2720 13 39
2721 13 39
2722 13 39
2723 13 39
2724 13 39
2725 13 39
2726 13 39
2727 13 39
2728 13 39
2729 13 39
2730 13 39
2731 13 39
2732 13 39
2733 13 39
2734 13 39
2735 13 39
2736 13 39
2737 13 39
2738 13 39
2739 13 39
2740 13 39
2741 13 39
2742 13 39
2743 13 39
2744 13 39
2745 13 39
2746 13 39
2747 13 39
2748 13 39
2749 13 39
2750 13 39
2751 13 39
2752 13 39
2753 13 39
2754 13 39
2755 13 39
2756 13 39
2757 13 39
2758 13 39
2759 13 39
2760 13 39
2761 14 39
2762 14 39
2763 14 39
2764 14 39
2765 14 39
2766 14 39
2767 14 39
2768 14 39
2769 14 39
2770 14 39
2771 14 39
2772 14 39
2773 14 39
2774 14 39
2775 14 39
2776 14 39
2777 14 39
2778 14 39
2779 14 39
2780 14 39
2781 14 39
2782 14 39
2783 14 39
2784 15 39
2785 15 39
2786 15 39
2787 15 39
2788 15 39
2789 15 38
2790 15 38
2791 15 38
2792 15 38
2793 15 38
2794 15 38
2795 15 38
2796 15 38
2797 15 38
2798 15 38
2799 15 38
2800 15 38
2801 15 38
2802 15 38
2803 15 38
2804 15 38
2805 15 38
2806 15 38
2807 15 38
2808 15 38
2809 15 38
2810 15 38
2811 15 38
2812 15 38
2813 15 38
2814 15 38
2815 15 38
2816 15 38
2817 15 38
2818 15 38
2819 15 38
2820 16 38
2821 16 38
2822 16 38
2823 16 38
2824 16 38
2825 16 38
2826 16 38
2827 16 38
2828 16 38
2829 16 38
2830 16 38
2831 16 38
2832 16 38
2833 16 38
2834 16 38
2835 16 38
2836 16 38
2837 16 38
2838 16 38
2839 17 37
2840 17 37
2841 17 37
2842 17 37
2843 17 37
2844 17 37
2845 17 37
2846 17 37
2847 17 37
2848 17 37
2849 17 37
2850 17 37
2851 17 37
2852 17 37
2853 17 37
2854 17 37
2855 17 37
2856 17 37
2857 17 37
2858 17 37
2859 17 37
2860 18 37
2861 18 37
2862 18 37
2863 18 37
2864 18 37
2865 18 37
2866 18 37
2867 18 37
2868 18 37
2869 18 37
2870 18 37
2871 18 37
2872 18 37
2873 18 37
2874 18 37
2875 18 37
2876 18 37
2877 18 37
2878 18 37
2879 18 37
2880 18 37
2881 18 37
2882 18 37
2883 18 37
2884 18 37
2885 18 37
2886 18 37
2887 18 37
2888 18 37
2889 18 37
2890 18 37
2891 18 37
2892 18 37
2893 18 37
2894 19 37
2895 19 37
2896 19 37
2897 19 37
2898 19 37
2899 19 37
2900 19 37
2901 19 37
2902 19 37
2903 19 37
2904 19 37
2905 19 37
2906 19 37
2907 19 37
2908 19 37
2909 19 37
2910 19 37
2911 19 37
2912 19 37
2913 20 37
2914 20 37
2915 20 37
2916 20 37
2917 20 36
2918 20 36
2919 20 36
2920 20 36
2921 20 36
2922 20 36
2923 20 36
2924 20 36
2925 20 36
2926 20 36
2927 20 36
2928 20 36
2929 20 36
2930 20 36
2931 20 36
2932 20 36
2933 20 36
2934 20 36
2935 20 36
2936 21 36
2937 21 36
2938 21 36
2939 21 36
2940 21 36
2941 21 36
2942 21 36
2943 21 36
2944 21 36
2945 21 36
2946 21 36
2947 21 36
2948 22 36
2949 22 36
2950 22 36
2951 22 36
2952 22 36
2953 22 36
2954 22 36
2955 22 36
2956 23 36
2957 23 36
2958 23 36
2959 23 36
2960 23 36
2961 23 36
2962 23 36
2963 23 36
2964 23 36
2965 23 36
2966 24 36
2967 24 36
2968 24 36
2969 24 36
2970 24 36
2971 24 36
2972 24 36
2973 24 36
2974 24 36
2975 24 36
2976 24 36
2977 24 36
2978 25 36
2979 25 36
2980 25 36
2981 25 36
2982 25 36
2983 25 36
2984 25 36
2985 25 36
2986 25 36
2987 25 35
2988 25 35
2989 25 35
2990 25 36
2991 25 36
2992 25 36
2993 25 36
2994 25 36
2995 25 36
2996 25 36
2997 25 36
2998 25 36
2999 25 36
3000 25 36
3001 25 36
3002 25 36
3003 25 36
3004 25 36
3005 25 36
3006 26 36
3007 26 36
3008 26 36
3009 26 36
3010 26 36
3011 26 36
3012 26 36
3013 26 36
3014 26 36
3015 26 36
3016 26 36
3017 26 36
3018 26 36
3019 26 36
3020 26 36
3021 26 36
3022 26 36
3023 26 36
3024 26 36
3025 26 36
3026 26 36
3027 26 36
3028 26 36
3029 26 36
3030 26 36
3031 26 36
3032 27 36
3033 27 36
3034 27 36
3035 27 36
3036 27 36
3037 27 36
3038 27 36
3039 27 36
3040 27 36
3041 27 36
3042 27 36
3043 27 36
3044 27 36
3045 27 36
3046 27 36
3047 27 36
3048 27 36
3049 27 36
3050 27 36
3051 27 36
3052 27 36
3053 27 36
3054 27 37
3055 27 37
3056 27 37
3057 27 37
3058 27 37
3059 27 37
3060 27 37
3061 27 37
3062 27 37
3063 27 37
3064 27 37
3065 28 37
3066 28 37
3067 28 37
3068 28 37
3069 28 37
3070 28 37
3071 29 37
3072 29 37
3073 29 37
3074 29 37
3075 29 37
3076 29 37
3077 29 37
3078 29 37
3079 29 37
3080 29 37
3081 30 37
3082 31 37
3083 31 37
3084 31 37
3085 31 37
3086 31 37
3087 31 37
3088 32 37
3089 32 36
3090 32 36
3091 32 36
3092 33 36
3093 33 36
3094 33 36
3095 33 36
3096 33 36
3097 34 36
3098 34 36
3099 34 36
3100 35 36
3101 35 36
3102 35 36
3103 36 36
3104 36 36
3105 36 36
3106 36 36
3107 36 36
3108 36 36
3109 36 36
3110 37 36
3111 37 36
3112 37 36
3113 37 36
3114 37 36
3115 37 36
3116 37 36
3117 37 36
3118 37 36
3119 37 36
3120 38 36
3121 38 36
3122 38 36
3123 39 36
3124 40 36
3125 41 36
3126 41 36
3127 41 36
3128 41 36
3129 41 36
3130 41 36
3131 41 36
3132 41 36
3133 41 36
3134 41 36
3135 41 36
3136 41 36
3137 41 36
3138 41 36
3139 41 36
3140 41 36
3141 41 36
3142 42 36
3143 42 36
3144 42 36
3145 42 36
3146 43 36
3147 43 36
3148 43 36
3149 44 36
3150 44 36
3151 44 36
3152 44 36
3153 45 36
3154 45 36
3155 45 36
3156 45 36
3157 45 36
3158 45 36
3159 45 36
3160 45 36
3161 46 36
3162 46 36
3163 47 36
3164 47 36
3165 47 36
3166 47 36
3167 47 36
3168 47 36
3169 47 36
3170 47 36
3171 47 36
3172 47 36
3173 47 36
3174 47 35
3175 47 35
3176 47 35
3177 47 35
3178 47 35
3179 47 35
3180 47 35
3181 47 35
3182 47 35
3183 47 35
3184 47 35
3185 47 35
3186 47 35
3187 47 35
3188 47 35
3189 47 35
3190 47 35
3191 47 35
3192 47 35
3193 47 35
3194 47 35
3195 47 35
3196 47 35
3197 47 35
3198 47 35
3199 47 35
3200 47 35
3201 48 35
3202 48 35
3203 48 35
3204 49 35
3205 49 35
3206 49 35
3207 50 35
3208 50 35
3209 50 35
3210 50 35
3211 51 35
3212 51 35
3213 51 35
3214 51 35
3215 51 35
3216 51 35
3217 51 35
3218 52 35
3219 53 35
3220 53 35
3221 53 35
3222 53 35
3223 53 35
3224 53 35
3225 53 35
3226 53 35
3227 54 35
3228 54 35
3229 55 35
3230 55 35
3231 55 35
3232 55 35
3233 56 34
3234 56 34
3235 57 34
3236 57 34
3237 57 34
3238 57 34
3239 57 34
3240 57 34
3241 58 34
3242 59 34
3243 60 34
3244 60 34
3245 60 34
3246 60 34
3247 63 34
3248 63 34
3249 64 34
3250 64 34
3251 65 34
3252 67 34
3253 68 34
3254 68 34
3255 69 34
3256 69 34
3257 71 34
3258 71 34
3259 72 34
3260 72 34
3261 72 34
3262 72 34
3263 73 34
3264 73 34
3265 73 34
3266 74 34
3267 74 34
3268 74 34
3269 74 34
3270 75 34
3271 77 34
3272 78 34
3273 81 34
3274 83 34
3275 83 34
3276 83 34
3277 83 34
3278 83 34
3279 83 34
3280 83 34
3281 83 34
3282 83 34
3283 83 34
3284 84 34
3285 95 34
3286 95 34
3287 95 34
3288 95 34
3289 95 34
3290 95 34
3291 95 34
3292 95 34
3293 95 34
3294 95 34
3295 95 34
3296 95 34
3297 95 34
3298 95 34
3299 95 33
3300 95 33
3301 95 33
3302 95 33
3303 95 33
3304 95 33
3305 95 33
3306 95 33
3307 95 33
3308 95 33
3309 95 33
3310 95 33
3311 95 33
3312 95 33
3313 95 33
3314 95 33
3315 95 33
3316 95 33
3317 95 33
3318 96 33
3319 100 33
