0 0 0
1 0 0
2 0 0
3 0 0
4 0 0
5 0 0
6 0 0
7 0 0
8 0 0
9 0 0
10 0 0
11 0 0
12 0 0
13 0 0
14 0 0
15 0 0
16 0 0
17 0 0
18 0 0
19 0 0
20 0 0
21 0 0
22 0 0
23 0 0
24 0 0
25 0 0
26 0 0
27 0 0
28 0 0
29 0 0
30 0 0
31 0 0
32 0 0
33 0 0
34 0 0
35 0 0
36 0 0
37 0 0
38 0 0
39 0 0
40 0 0
41 0 0
42 0 0
43 0 0
44 0 0
45 0 0
46 0 0
47 0 0
48 0 0
49 0 0
50 0 0
51 0 0
52 0 0
53 0 0
54 0 0
55 0 0
56 0 0
57 0 0
58 0 0
59 0 0
60 0 0
61 0 0
62 0 0
63 0 0
64 0 0
65 0 0
66 0 0
67 0 0
68 0 0
69 0 0
70 0 0
71 0 0
72 0 0
73 0 0
74 0 0
75 0 0
76 0 0
77 0 0
78 0 0
79 0 0
80 0 0
81 0 0
82 0 0
83 0 0
84 0 0
85 0 0
86 0 0
87 0 0
88 0 0
89 0 0
90 0 0
91 0 0
92 0 0
93 0 0
94 0 0
95 0 0
96 0 0
97 0 0
98 0 3
99 0 3
100 0 3
101 0 3
102 0 3
103 0 3
104 0 2
105 0 2
106 0 2
107 0 5
108 0 5
109 0 5
110 0 5
111 0 5
112 0 5
113 0 5
114 0 5
115 0 5
116 0 5
117 0 5
118 0 5
119 0 5
120 0 5
121 0 5
122 0 5
123 0 7
124 0 9
125 0 9
126 0 9
127 0 9
128 0 9
129 0 9
130 0 8
131 0 8
132 0 8
133 0 8
134 0 8
135 0 8
136 0 8
137 0 8
138 0 8
139 0 8
140 0 8
141 0 8
142 0 8
143 0 8
144 0 8
145 0 8
146 0 7
147 0 9
148 0 9
149 0 9
150 0 9
151 0 9
152 0 8
153 0 8
154 0 8
155 0 8
156 0 8
157 0 8
158 0 8
159 0 8
160 0 8
161 0 8
162 0 8
163 0 8
164 0 8
165 0 8
166 0 8
167 0 8
168 0 8
169 0 8
170 0 8
171 0 8
172 0 8
173 0 8
174 0 8
175 0 8
176 0 8
177 0 8
178 0 8
179 0 8
180 0 8
181 0 8
182 0 9
183 0 9
184 0 9
185 0 9
186 0 9
187 0 9
188 0 9
189 0 9
190 0 9
191 0 9
192 0 9
193 0 9
194 0 9
195 0 8
196 0 8
197 0 8
198 0 8
199 0 8
200 0 8
201 0 8
202 0 8
203 0 8
204 0 8
205 0 8
206 0 8
207 0 9
208 0 9
209 0 9
210 0 9
211 0 9
212 0 9
213 0 9
214 0 9
215 0 9
216 0 9
217 0 9
218 0 9
219 0 9
220 0 9
221 0 9
222 0 9
223 0 9
224 0 9
225 0 9
226 0 9
227 0 9
228 0 9
229 0 8
230 0 8
231 0 8
232 0 8
233 0 8
234 0 8
235 0 8
236 0 8
237 0 8
238 0 8
239 0 8
240 0 8
241 0 8
242 0 8
243 0 8
244 0 8
245 0 8
246 0 8
247 0 8
248 0 8
249 0 8
250 0 8
251 0 8
252 0 7
253 0 7
254 0 7
255 0 7
256 0 7
257 0 7
258 0 7
259 0 7
260 0 7
261 0 7
262 0 7
263 0 7
264 0 7
265 0 7
266 0 7
267 0 7
268 0 7
269 0 7
270 0 7
271 0 7
272 0 7
273 0 7
274 0 7
275 0 7
276 0 7
277 0 7
278 0 7
279 0 7
280 0 7
281 0 7
282 0 7
283 0 7
284 0 7
285 0 7
286 0 7
287 0 7
288 0 6
289 0 6
290 0 6
291 0 6
292 0 6
293 0 6
294 0 6
295 0 6
296 0 6
297 0 6
298 0 6
299 0 6
300 0 6
301 0 6
302 0 6
303 0 6
304 0 6
305 0 7
306 0 7
307 0 7
308 0 7
309 0 7
310 0 7
311 0 7
312 0 7
313 0 7
314 0 7
315 0 7
316 0 7
317 0 7
318 0 7
319 0 7
320 0 7
321 0 7
322 0 7
323 0 7
324 0 7
325 0 7
326 0 7
327 0 7
328 0 7
329 0 6
330 0 6
331 0 6
332 0 6
333 0 6
334 0 6
335 0 6
336 0 6
337 0 6
338 0 6
339 0 6
340 0 6
341 0 6
342 0 6
343 0 6
344 0 6
345 0 6
346 0 6
347 0 6
348 0 6
349 0 6
350 0 6
351 0 6
352 0 6
353 0 6
354 0 6
355 0 6
356 0 6
357 0 6
358 0 6
359 0 6
360 0 6
361 0 6
362 0 6
363 0 6
364 0 6
365 0 6
366 0 6
367 0 6
368 0 6
369 0 6
370 0 6
371 0 5
372 0 5
373 0 5
374 0 5
375 0 5
376 0 5
377 0 5
378 0 5
379 0 5
380 0 5
381 0 5
382 0 5
383 0 5
384 0 5
385 0 5
386 0 5
387 0 5
388 0 5
389 0 5
390 0 5
391 0 5
392 0 5
393 0 5
394 0 5
395 0 5
396 0 5
397 0 5
398 0 5
399 0 5
400 0 5
401 0 5
402 0 5
403 0 5
404 0 5
405 0 5
406 0 5
407 0 5
408 0 5
409 0 5
410 0 5
411 0 5
412 0 5
413 0 5
414 0 5
415 0 5
416 0 5
417 0 5
418 0 5
419 0 5
420 0 5
421 0 5
422 0 5
423 0 5
424 0 5
425 0 5
426 0 5
427 0 5
428 0 5
429 0 5
430 0 5
431 0 5
432 0 5
433 0 5
434 0 5
435 0 5
436 0 5
437 0 5
438 0 5
439 0 5
440 0 5
441 0 5
442 0 5
443 0 5
444 0 5
445 0 5
446 0 5
447 0 5
448 0 5
449 0 5
450 0 6
451 0 6
452 0 6
453 0 5
454 0 5
455 0 5
456 0 5
457 0 5
458 0 5
459 0 5
460 0 5
461 0 5
462 0 5
463 0 5
464 0 5
465 0 5
466 0 5
467 0 5
468 0 5
469 0 5
470 0 5
471 0 5
472 0 5
473 0 5
474 0 5
475 0 5
476 0 5
477 0 5
478 0 5
479 0 5
480 0 5
481 0 5
482 0 5
483 0 5
484 0 5
485 0 5
486 0 5
487 0 5
488 0 5
489 0 5
490 0 5
491 0 5
492 0 5
493 0 5
494 0 5
495 0 6
496 0 6
497 0 7
498 0 6
499 0 6
500 0 6
501 0 6
502 0 6
503 0 6
504 0 6
505 0 6
506 0 6
507 0 6
508 0 6
509 0 6
510 0 6
511 0 6
512 0 6
513 0 7
514 0 7
515 0 7
516 0 7
517 0 7
518 0 7
519 0 7
520 0 7
521 0 7
522 0 7
523 0 7
524 0 7
525 0 7
526 0 7
527 0 7
528 0 7
529 0 7
530 0 7
531 0 7
532 0 7
533 0 7
534 0 6
535 0 6
536 0 6
537 0 6
538 0 6
539 0 6
540 0 6
541 0 6
542 0 6
543 0 6
544 0 6
545 0 7
546 0 7
547 0 7
548 0 7
549 0 7
550 0 7
551 0 7
552 0 7
553 0 7
554 0 7
555 0 7
556 0 7
557 0 7
558 0 7
559 0 7
560 0 7
561 0 7
562 0 7
563 0 7
564 0 7
565 0 7
566 0 7
567 0 7
568 0 7
569 0 7
570 0 7
571 0 7
572 0 7
573 0 7
574 0 7
575 0 7
576 0 7
577 0 7
578 0 7
579 0 7
580 0 7
581 0 7
582 0 7
583 0 7
584 0 7
585 0 7
586 0 7
587 0 7
588 0 7
589 0 7
590 0 7
591 0 7
592 0 7
593 0 7
594 0 7
595 0 8
596 0 8
597 0 8
598 0 8
599 0 8
600 0 8
601 0 8
602 0 8
603 0 8
604 0 8
605 0 8
606 0 8
607 0 8
608 0 8
609 0 8
610 0 8
611 0 8
612 0 8
613 0 8
614 0 8
615 0 8
616 0 8
617 0 8
618 0 8
619 0 8
620 0 9
621 0 8
622 0 8
623 0 8
624 0 8
625 0 8
626 0 8
627 0 8
628 0 8
629 0 9
630 0 9
631 0 9
632 0 9
633 0 9
634 0 9
635 0 9
636 0 9
637 0 9
638 0 9
639 0 9
640 0 9
641 0 9
642 0 9
643 0 9
644 0 9
645 0 9
646 0 10
647 0 10
648 0 10
649 0 10
650 0 10
651 0 10
652 0 10
653 0 10
654 0 10
655 0 10
656 0 10
657 0 10
658 0 10
659 0 10
660 0 10
661 0 10
662 0 10
663 0 10
664 0 10
665 0 10
666 0 10
667 0 11
668 0 11
669 0 11
670 0 11
671 0 11
672 0 11
673 0 11
674 0 11
675 0 11
676 0 11
677 0 11
678 0 11
679 0 11
680 0 11
681 0 11
682 0 11
683 0 11
684 0 11
685 0 11
686 0 11
687 0 12
688 0 12
689 0 12
690 0 11
691 0 11
692 0 11
693 0 11
694 0 11
695 0 11
696 0 11
697 0 11
698 0 11
699 0 11
700 0 11
701 0 11
702 0 11
703 0 11
704 0 11
705 0 11
706 0 11
707 0 11
708 0 11
709 0 11
710 0 11
711 0 11
712 0 11
713 0 11
714 0 11
715 0 11
716 0 11
717 0 11
718 0 11
719 0 11
720 0 11
721 0 11
722 0 11
723 0 11
724 0 11
725 0 11
726 0 11
727 0 11
728 0 11
729 0 11
730 0 11
731 0 11
732 0 11
733 0 11
734 0 11
735 0 11
736 0 11
737 0 11
738 0 11
739 0 11
740 0 11
741 0 11
742 0 11
743 0 11
744 0 11
745 0 11
746 0 11
747 0 11
748 0 11
749 0 11
750 0 11
751 0 11
752 0 11
753 0 11
754 0 11
755 0 11
756 0 11
757 0 11
758 0 11
759 0 11
760 0 11
761 0 11
762 0 11
763 0 11
764 0 11
765 0 11
766 0 11
767 0 11
768 0 11
769 0 11
770 0 11
771 0 11
772 0 11
773 0 11
774 0 11
775 0 11
776 0 11
777 0 11
778 0 11
779 0 11
780 0 11
781 0 11
782 0 11
783 0 11
784 0 11
785 0 11
786 0 11
787 0 11
788 0 11
789 0 11
790 0 11
791 0 11
792 0 11
793 0 11
794 0 11
795 0 11
796 0 11
797 0 11
798 0 11
799 0 11
800 0 11
801 0 11
802 0 11
803 0 11
804 0 11
805 0 11
806 0 11
807 0 11
808 0 11
809 0 11
810 0 11
811 0 11
812 0 11
813 0 11
814 0 11
815 0 11
816 0 11
817 0 11
818 0 11
819 0 11
820 0 11
821 0 11
822 0 11
823 0 11
824 0 11
825 0 11
826 0 11
827 0 11
828 0 11
829 0 11
830 0 11
831 0 11
832 0 11
833 0 11
834 0 11
835 0 11
836 0 11
837 0 11
838 0 11
839 0 11
840 0 11
841 0 11
842 0 11
843 0 11
844 0 11
845 0 11
846 0 11
847 0 11
848 0 11
849 0 11
850 0 11
851 0 11
852 0 12
853 0 12
854 0 12
855 0 12
856 0 12
857 0 12
858 0 12
859 0 12
860 0 12
861 0 12
862 0 11
863 0 11
864 0 11
865 0 11
866 0 11
867 0 11
868 0 11
869 0 11
870 0 12
871 0 12
872 0 12
873 0 12
874 0 12
875 0 12
876 0 12
877 0 12
878 0 12
879 0 12
880 0 12
881 0 12
882 0 12
883 0 12
884 0 12
885 0 12
886 0 12
887 0 12
888 0 12
889 0 12
890 0 12
891 0 12
892 0 12
893 0 12
894 0 12
895 0 12
896 0 12
897 0 12
898 0 12
899 0 12
900 0 12
901 0 12
902 0 12
903 0 12
904 0 12
905 0 12
906 0 12
907 1 12
908 1 12
909 1 12
910 1 12
911 1 12
912 1 12
913 1 12
914 1 12
915 1 12
916 1 12
917 1 12
918 1 12
919 1 12
920 1 12
921 1 12
922 1 12
923 1 12
924 1 12
925 1 12
926 1 12
927 1 12
928 1 12
929 1 12
930 1 12
931 1 12
932 1 12
933 1 12
934 1 12
935 1 12
936 1 12
937 1 12
938 1 12
939 1 12
940 1 12
941 1 12
942 1 12
943 1 12
944 1 12
945 1 12
946 1 12
947 1 12
948 1 12
949 1 12
950 1 12
951 1 12
952 1 12
953 1 12
954 1 12
955 1 12
956 1 12
957 1 12
958 1 12
959 1 12
960 1 12
961 1 12
962 1 12
963 1 12
964 1 12
965 1 12
966 1 12
967 1 12
968 1 12
969 1 12
970 1 12
971 1 12
972 1 12
973 1 12
974 1 12
975 1 12
976 1 12
977 1 12
978 1 12
979 1 12
980 1 12
981 1 12
982 1 12
983 1 12
984 1 12
985 1 12
986 1 12
987 1 13
988 1 13
989 1 13
990 1 13
991 1 13
992 1 13
993 1 13
994 1 13
995 1 13
996 1 13
997 1 13
998 1 13
999 1 13
1000 1 13
1001 1 13
1002 1 13
1003 1 13
1004 1 13
1005 1 13
1006 1 13
1007 1 13
1008 1 13
1009 1 13
1010 1 13
1011 1 13
1012 1 13
1013 1 13
1014 1 13
1015 1 13
1016 1 13
1017 1 13
1018 1 13
1019 1 13
1020 1 13
1021 1 13
1022 1 13
1023 1 13
1024 1 13
1025 1 13
1026 1 13
1027 1 13
1028 1 13
1029 1 13
1030 1 13
1031 1 13
1032 1 13
1033 1 13
1034 1 13
1035 1 13
1036 1 13
1037 1 13
1038 1 13
1039 1 13
1040 1 13
1041 1 13
1042 1 13
1043 1 13
1044 1 13
1045 1 13
1046 1 13
1047 1 13
1048 1 13
1049 1 13
1050 1 13
1051 1 13
1052 1 13
1053 1 13
1054 1 13
1055 1 13
1056 1 13
1057 1 13
1058 1 13
1059 1 13
1060 1 13
1061 1 13
1062 1 13
1063 1 13
1064 1 13
1065 1 13
1066 1 13
1067 1 13
1068 1 13
1069 1 13
1070 1 13
1071 1 13
1072 1 13
1073 1 13
1074 1 13
1075 1 13
1076 1 13
1077 1 13
1078 1 13
1079 1 13
1080 1 13
1081 1 13
1082 1 13
1083 1 13
1084 1 13
1085 1 13
1086 1 13
1087 1 13
1088 1 13
1089 1 13
1090 1 13
1091 1 13
1092 1 13
1093 1 13
1094 1 13
1095 1 13
1096 1 13
1097 1 13
1098 1 13
1099 1 13
1100 1 13
1101 1 13
1102 1 13
1103 1 13
1104 1 13
1105 1 13
1106 1 13
1107 1 13
1108 1 13
1109 1 13
1110 1 13
1111 1 13
1112 1 13
1113 1 13
1114 1 13
1115 1 14
1116 1 14
1117 1 14
1118 1 14
1119 1 14
1120 1 13
1121 1 13
1122 1 14
1123 1 14
1124 1 14
1125 1 14
1126 1 14
1127 1 14
1128 1 14
1129 1 14
1130 1 14
1131 1 14
1132 1 14
1133 1 13
1134 1 13
1135 1 13
1136 1 13
1137 1 13
1138 1 13
1139 1 13
1140 1 13
1141 1 13
1142 1 13
1143 1 13
1144 1 13
1145 1 13
1146 1 13
1147 1 14
1148 1 14
1149 1 14
1150 1 14
1151 1 14
1152 1 14
1153 1 14
1154 1 14
1155 1 14
1156 1 14
1157 1 13
1158 1 13
1159 1 13
1160 1 13
1161 1 13
1162 1 13
1163 1 14
1164 1 14
1165 1 14
1166 1 14
1167 1 14
1168 1 14
1169 1 14
1170 1 14
1171 1 14
1172 1 14
1173 1 14
1174 1 14
1175 1 14
1176 1 14
1177 1 14
1178 1 14
1179 1 14
1180 1 14
1181 1 14
1182 1 14
1183 1 14
1184 1 14
1185 1 14
1186 1 14
1187 1 14
1188 1 14
1189 1 14
1190 1 14
1191 1 14
1192 1 14
1193 1 13
1194 1 13
1195 1 13
1196 1 13
1197 1 13
1198 1 13
1199 1 13
1200 1 14
1201 1 14
1202 1 14
1203 1 14
1204 1 14
1205 1 14
1206 1 14
1207 1 14
1208 1 14
1209 1 14
1210 1 14
1211 1 14
1212 1 14
1213 1 15
1214 1 15
1215 1 15
1216 1 15
1217 1 15
1218 1 15
1219 1 15
1220 1 15
1221 1 16
1222 1 16
1223 1 16
1224 1 16
1225 1 16
1226 1 16
1227 1 16
1228 1 16
1229 1 16
1230 1 16
1231 1 16
1232 1 17
1233 1 17
1234 1 17
1235 1 17
1236 1 17
1237 1 17
1238 1 17
1239 1 17
1240 1 17
1241 1 17
1242 1 17
1243 1 17
1244 1 17
1245 1 17
1246 1 17
1247 1 17
1248 1 17
1249 1 17
1250 1 17
1251 1 17
1252 1 17
1253 1 17
1254 1 17
1255 1 17
1256 1 17
1257 1 17
1258 1 17
1259 1 17
1260 1 17
1261 1 17
1262 1 17
1263 1 17
1264 1 17
1265 1 17
1266 1 17
1267 1 17
1268 1 17
1269 1 17
1270 1 17
1271 1 17
1272 1 17
1273 1 17
1274 1 17
1275 1 17
1276 1 17
1277 1 18
1278 1 18
1279 1 18
1280 1 18
1281 1 18
1282 1 18
1283 1 18
1284 1 18
1285 1 18
1286 1 18
1287 1 18
1288 1 18
1289 1 18
1290 1 18
1291 1 18
1292 2 18
1293 2 17
1294 2 17
1295 2 17
1296 2 17
1297 2 18
1298 2 18
1299 2 18
1300 2 18
1301 2 18
1302 2 18
1303 2 17
1304 2 17
1305 2 17
1306 2 17
1307 2 17
1308 2 17
1309 2 17
1310 2 17
1311 2 17
1312 2 17
1313 2 17
1314 2 17
1315 2 17
1316 2 17
1317 2 17
1318 2 17
1319 2 17
1320 2 17
1321 2 17
1322 2 17
1323 2 17
1324 2 17
1325 2 17
1326 2 17
1327 2 17
1328 2 17
1329 2 17
1330 2 17
1331 2 17
1332 2 17
1333 2 17
1334 2 17
1335 2 17
1336 2 17
1337 2 17
1338 2 17
1339 2 17
1340 2 17
1341 2 17
1342 2 17
1343 2 17
1344 2 17
1345 2 17
1346 2 17
1347 2 17
1348 2 17
1349 2 17
1350 2 17
1351 2 17
1352 2 17
1353 2 17
1354 2 17
1355 2 17
1356 2 17
1357 2 17
1358 2 17
1359 2 17
1360 2 17
1361 2 17
1362 2 17
1363 2 17
1364 2 17
1365 2 17
1366 2 17
1367 2 17
1368 2 17
1369 2 17
1370 2 17
1371 2 17
1372 2 17
1373 2 17
1374 2 17
1375 2 17
1376 2 17
1377 2 17
1378 2 17
1379 2 17
1380 2 17
1381 2 17
1382 2 17
1383 2 17
1384 2 17
1385 2 17
1386 2 17
1387 2 17
1388 2 17
1389 2 17
1390 2 17
1391 2 17
1392 2 17
1393 2 17
1394 2 17
1395 2 17
1396 2 17
1397 2 17
1398 2 17
1399 2 17
1400 2 17
1401 2 17
1402 2 17
1403 2 17
1404 2 17
1405 2 17
1406 2 17
1407 2 17
1408 2 17
1409 2 17
1410 2 17
1411 2 17
1412 2 17
1413 2 17
1414 2 17
1415 2 17
1416 2 17
1417 2 17
1418 2 17
1419 2 17
1420 2 17
1421 2 17
1422 2 17
1423 2 17
1424 2 17
1425 2 17
1426 2 17
1427 2 17
1428 2 17
1429 2 17
1430 2 17
1431 2 17
1432 2 17
1433 2 16
1434 2 16
1435 2 16
1436 2 16
1437 2 16
1438 2 16
1439 2 16
1440 2 16
1441 2 16
1442 2 16
1443 2 16
1444 2 16
1445 2 16
1446 2 16
1447 2 16
1448 2 16
1449 2 16
1450 2 16
1451 2 16
1452 2 17
1453 2 17
1454 2 16
1455 2 16
1456 2 16
1457 2 16
1458 2 16
1459 2 16
1460 2 16
1461 2 16
1462 2 16
1463 2 16
1464 2 16
1465 2 16
1466 2 16
1467 2 16
1468 2 16
1469 2 16
1470 2 16
1471 2 16
1472 2 16
1473 2 17
1474 2 17
1475 2 17
1476 2 17
1477 2 17
1478 2 17
1479 2 17
1480 2 17
1481 2 17
1482 2 17
1483 2 17
1484 2 17
1485 2 17
1486 2 17
1487 2 17
1488 2 17
1489 2 17
1490 2 17
1491 2 17
1492 2 17
1493 2 17
1494 2 17
1495 2 17
1496 2 17
1497 2 17
1498 2 17
1499 2 17
1500 2 17
1501 2 17
1502 2 17
1503 2 17
1504 2 17
1505 2 17
1506 2 17
1507 2 17
1508 2 17
1509 2 17
1510 2 17
1511 2 17
1512 2 17
1513 2 17
1514 2 17
1515 2 17
1516 2 17
1517 2 17
1518 2 17
1519 2 17
1520 2 17
1521 2 17
1522 2 17
1523 2 16
1524 2 16
1525 2 17
1526 2 17
1527 2 17
1528 2 17
1529 2 17
1530 2 16
1531 2 16
1532 2 16
1533 2 16
1534 2 16
1535 2 16
1536 2 16
1537 2 16
1538 2 16
1539 2 16
1540 2 16
1541 2 16
1542 2 17
1543 2 17
1544 2 16
1545 2 16
1546 2 16
1547 2 16
1548 2 16
1549 2 16
1550 2 16
1551 2 16
1552 2 16
1553 2 16
1554 2 16
1555 2 16
1556 2 16
1557 2 16
1558 2 16
1559 2 16
1560 2 16
1561 2 16
1562 2 16
1563 2 16
1564 2 16
1565 2 16
1566 2 16
1567 2 16
1568 2 16
1569 2 16
1570 2 16
1571 2 16
1572 2 16
1573 2 16
1574 2 16
1575 2 16
1576 2 16
1577 2 16
1578 2 16
1579 2 16
1580 2 16
1581 2 16
1582 2 16
1583 2 16
1584 3 16
1585 3 16
1586 3 16
1587 3 16
1588 3 16
1589 3 16
1590 3 16
1591 3 16
1592 3 16
1593 3 16
1594 3 16
1595 3 16
1596 3 16
1597 3 16
1598 3 16
1599 3 16
1600 3 16
1601 3 16
1602 3 16
1603 3 16
1604 3 16
1605 3 16
1606 3 16
1607 3 16
1608 3 16
1609 3 16
1610 3 16
1611 3 16
1612 3 16
1613 3 16
1614 3 16
1615 3 16
1616 3 16
1617 3 16
1618 3 17
1619 3 17
1620 3 17
1621 3 16
1622 3 16
1623 3 17
1624 3 17
1625 3 17
1626 3 17
1627 3 17
1628 3 17
1629 3 17
1630 3 17
1631 3 17
1632 3 17
1633 3 17
1634 3 17
1635 3 17
1636 3 17
1637 3 17
1638 3 17
1639 3 17
1640 3 17
1641 3 17
1642 3 17
1643 3 17
1644 3 17
1645 3 17
1646 3 17
1647 3 17
1648 3 17
1649 3 17
1650 3 17
1651 3 17
1652 3 17
1653 3 17
1654 3 17
1655 3 17
1656 3 17
1657 3 17
1658 3 17
1659 3 17
1660 3 17
1661 3 17
1662 3 17
1663 3 17
1664 3 17
1665 3 17
1666 3 17
1667 3 17
1668 3 17
1669 3 17
1670 3 17
1671 3 17
1672 3 17
1673 3 17
1674 3 17
1675 3 17
1676 3 17
1677 3 17
1678 3 17
1679 3 17
1680 3 17
1681 3 17
1682 3 17
1683 3 17
1684 3 17
1685 3 17
1686 3 17
1687 3 17
1688 3 17
1689 3 17
1690 3 17
1691 3 17
1692 3 17
1693 3 17
1694 3 17
1695 3 17
1696 3 17
1697 3 17
1698 3 17
1699 3 17
1700 3 17
1701 3 17
1702 3 17
1703 3 17
1704 3 17
1705 3 17
1706 3 17
1707 3 17
1708 3 17
1709 3 17
1710 3 17
1711 3 17
1712 3 17
1713 3 17
1714 3 17
1715 3 17
1716 3 17
1717 3 17
1718 3 17
1719 3 17
1720 3 17
1721 3 17
1722 3 17
1723 3 17
1724 3 17
1725 3 17
1726 3 17
1727 3 17
1728 3 17
1729 3 17
1730 3 17
1731 3 17
1732 3 17
1733 3 17
1734 3 17
1735 3 17
1736 3 17
1737 3 17
1738 3 17
1739 3 17
1740 3 17
1741 3 17
1742 3 17
1743 3 17
1744 3 17
1745 3 17
1746 3 17
1747 3 17
1748 3 17
1749 3 17
1750 3 17
1751 3 17
1752 3 17
1753 3 17
1754 3 17
1755 3 17
1756 3 17
1757 3 17
1758 3 17
1759 3 17
1760 3 17
1761 3 17
1762 3 17
1763 3 17
1764 3 17
1765 3 17
1766 3 17
1767 3 17
1768 3 17
1769 3 17
1770 3 17
1771 3 17
1772 3 17
1773 3 17
1774 3 17
1775 3 17
1776 3 17
1777 3 17
1778 3 17
1779 3 17
1780 3 17
1781 3 17
1782 3 17
1783 3 17
1784 3 17
1785 3 17
1786 3 17
1787 3 17
1788 3 17
1789 3 17
1790 3 17
1791 3 17
1792 3 17
1793 3 17
1794 3 17
1795 3 17
1796 3 17
1797 3 17
1798 3 17
1799 3 17
1800 3 17
1801 3 17
1802 3 17
1803 3 17
1804 3 17
1805 3 17
1806 3 17
1807 3 17
1808 3 17
1809 4 17
1810 4 17
1811 4 17
1812 4 17
1813 4 17
1814 4 17
1815 4 17
1816 4 17
1817 4 17
1818 4 17
1819 4 17
1820 4 17
1821 4 17
1822 4 17
1823 4 17
1824 4 17
1825 4 17
1826 4 17
1827 4 17
1828 4 17
1829 4 17
1830 4 17
1831 4 17
1832 4 17
1833 4 17
1834 4 17
1835 4 17
1836 4 17
1837 4 17
1838 4 17
1839 4 17
1840 4 17
1841 4 17
1842 4 17
1843 4 17
1844 4 17
1845 4 17
1846 4 17
1847 4 17
1848 4 17
1849 4 17
1850 4 17
1851 4 17
1852 4 17
1853 4 17
1854 4 17
1855 4 17
1856 4 17
1857 4 17
1858 4 17
1859 4 17
1860 4 17
1861 4 17
1862 4 17
1863 4 17
1864 4 17
1865 4 17
1866 4 17
1867 4 17
1868 4 17
1869 4 17
1870 4 17
1871 4 17
1872 4 17
1873 4 17
1874 4 17
1875 4 17
1876 4 17
1877 4 17
1878 4 17
1879 4 17
1880 4 17
1881 4 17
1882 4 17
1883 4 17
1884 4 17
1885 4 17
1886 4 17
1887 4 17
1888 4 17
1889 4 17
1890 4 17
1891 4 17
1892 4 17
1893 4 17
1894 4 17
1895 4 17
1896 4 17
1897 4 17
1898 4 17
1899 4 17
1900 4 17
1901 4 17
1902 4 17
1903 4 17
1904 4 17
1905 4 17
1906 4 17
1907 4 17
1908 4 17
1909 4 17
1910 4 17
1911 4 17
1912 4 17
1913 4 17
1914 4 17
1915 4 17
1916 4 17
1917 4 17
1918 4 17
1919 4 17
1920 4 17
1921 4 17
1922 4 17
1923 4 17
1924 4 17
1925 4 17
1926 4 17
1927 4 17
1928 4 17
1929 4 17
1930 4 17
1931 4 17
1932 4 17
1933 4 17
1934 4 17
1935 4 17
1936 4 17
1937 4 17
1938 4 17
1939 4 17
1940 4 17
1941 4 17
1942 4 17
1943 4 17
1944 4 17
1945 4 17
1946 4 17
1947 4 17
1948 4 17
1949 4 17
1950 4 17
1951 4 17
1952 4 17
1953 4 17
1954 5 17
1955 5 17
1956 5 17
1957 5 17
1958 5 17
1959 5 17
1960 5 17
1961 5 17
1962 5 17
1963 5 17
1964 5 17
1965 5 17
1966 5 17
1967 5 17
1968 5 17
1969 5 17
1970 5 17
1971 5 17
1972 5 17
1973 5 17
1974 5 17
1975 5 17
1976 5 17
1977 5 17
1978 5 17
1979 5 17
1980 5 17
1981 5 17
1982 5 17
1983 5 17
1984 5 17
1985 5 17
1986 5 17
1987 5 17
1988 5 17
1989 5 17
1990 5 17
1991 5 17
1992 5 17
1993 5 17
1994 5 17
1995 5 17
1996 5 17
1997 5 17
1998 5 17
1999 5 16
2000 5 16
2001 5 16
2002 5 16
2003 5 16
2004 5 16
2005 5 16
2006 5 16
2007 5 16
2008 5 16
2009 5 16
2010 5 16
2011 5 16
2012 5 16
2013 5 16
2014 5 16
2015 5 16
2016 5 16
2017 5 16
2018 5 16
2019 5 16
2020 5 16
2021 5 16
2022 5 16
2023 5 16
2024 5 16
2025 5 16
2026 5 16
2027 5 16
2028 5 16
2029 5 16
2030 5 16
2031 5 16
2032 5 16
2033 5 16
2034 5 16
2035 5 16
2036 5 16
2037 5 16
2038 5 16
2039 5 16
2040 5 16
2041 5 16
2042 5 16
2043 5 16
2044 5 16
2045 5 16
2046 5 16
2047 5 16
2048 5 16
2049 5 16
2050 5 16
2051 5 16
2052 5 16
2053 5 16
2054 5 16
2055 5 16
2056 5 16
2057 5 16
2058 5 16
2059 5 16
2060 5 16
2061 5 16
2062 5 16
2063 5 16
2064 5 16
2065 5 16
2066 5 16
2067 5 16
2068 5 16
2069 5 16
2070 5 16
2071 5 16
2072 5 16
2073 5 16
2074 5 16
2075 5 16
2076 5 16
2077 5 16
2078 5 16
2079 5 16
2080 5 16
2081 5 16
2082 5 16
2083 5 16
2084 5 16
2085 5 16
2086 5 16
2087 5 16
2088 5 16
2089 5 16
2090 5 16
2091 5 16
2092 5 16
2093 5 16
2094 5 16
2095 5 16
2096 5 16
2097 5 16
2098 5 16
2099 5 16
2100 5 16
2101 5 16
2102 5 16
2103 5 16
2104 5 16
2105 5 16
2106 5 16
2107 5 16
2108 5 16
2109 5 16
2110 5 16
2111 5 16
2112 5 16
2113 5 16
2114 5 16
2115 5 16
2116 5 16
2117 5 16
2118 5 16
2119 5 16
2120 5 16
2121 5 16
2122 5 16
2123 6 16
2124 6 16
2125 6 16
2126 6 16
2127 6 16
2128 6 16
2129 6 16
2130 6 16
2131 6 16
2132 6 16
2133 6 16
2134 6 16
2135 6 16
2136 6 16
2137 6 16
2138 6 16
2139 6 16
2140 6 16
2141 6 16
2142 6 16
2143 6 16
2144 6 16
2145 6 16
2146 6 16
2147 6 16
2148 6 16
2149 6 16
2150 6 16
2151 6 16
2152 6 16
2153 6 16
2154 6 16
2155 6 16
2156 6 16
2157 6 16
2158 6 16
2159 6 16
2160 6 16
2161 6 16
2162 6 16
2163 6 16
2164 6 16
2165 6 16
2166 6 16
2167 6 16
2168 6 16
2169 6 16
2170 6 16
2171 6 16
2172 6 16
2173 6 16
2174 6 16
2175 6 16
2176 6 16
2177 6 16
2178 6 16
2179 6 16
2180 6 16
2181 6 16
2182 6 16
2183 6 16
2184 6 16
2185 6 16
2186 6 16
2187 6 16
2188 6 16
2189 6 15
2190 6 15
2191 6 15
2192 6 15
2193 6 15
2194 6 15
2195 6 15
2196 6 15
2197 6 15
2198 6 15
2199 6 15
2200 6 15
2201 6 15
2202 6 15
2203 6 15
2204 6 15
2205 6 15
2206 6 15
2207 6 15
2208 6 15
2209 6 15
2210 6 15
2211 6 15
2212 6 15
2213 6 15
2214 6 15
2215 6 15
2216 6 15
2217 6 15
2218 6 15
2219 6 15
2220 6 15
2221 6 15
2222 6 15
2223 6 15
2224 6 15
2225 6 15
2226 6 15
2227 6 15
2228 6 15
2229 6 15
2230 6 15
2231 6 15
2232 6 15
2233 6 15
2234 6 15
2235 6 15
2236 6 15
2237 6 15
2238 6 15
2239 6 15
2240 6 15
2241 6 15
2242 6 15
2243 6 15
2244 7 15
2245 7 15
2246 7 15
2247 7 15
2248 7 15
2249 7 15
2250 7 15
2251 7 15
2252 7 15
2253 7 15
2254 7 15
2255 7 15
2256 7 15
2257 7 15
2258 7 15
2259 7 15
2260 7 15
2261 7 15
2262 7 15
2263 7 15
2264 7 15
2265 7 15
2266 7 15
2267 7 15
2268 7 15
2269 7 15
2270 7 15
2271 7 15
2272 7 15
2273 7 15
2274 7 15
2275 7 15
2276 7 15
2277 7 15
2278 7 15
2279 7 15
2280 7 15
2281 7 15
2282 7 15
2283 7 15
2284 7 15
2285 7 15
2286 7 15
2287 7 15
2288 7 15
2289 7 15
2290 7 15
2291 7 15
2292 7 15
2293 7 15
2294 7 15
2295 7 15
2296 7 15
2297 7 15
2298 7 15
2299 7 15
2300 7 15
2301 7 15
2302 7 15
2303 7 15
2304 7 15
2305 7 15
2306 7 15
2307 7 15
2308 7 15
2309 7 15
2310 7 15
2311 7 15
2312 7 15
2313 7 15
2314 7 15
2315 7 15
2316 7 15
2317 7 15
2318 7 15
2319 7 15
2320 7 15
2321 7 15
2322 7 15
2323 7 15
2324 7 15
2325 7 15
2326 7 15
2327 7 15
2328 7 15
2329 7 15
2330 7 15
2331 7 15
2332 7 15
2333 7 15
2334 7 15
2335 7 15
2336 7 15
2337 7 15
2338 7 15
2339 7 15
2340 7 15
2341 7 15
2342 7 15
2343 7 15
2344 7 15
2345 7 15
2346 8 15
2347 8 15
2348 8 15
2349 8 16
2350 8 16
2351 8 16
2352 8 16
2353 8 16
2354 8 15
2355 8 15
2356 8 15
2357 8 15
2358 8 15
2359 8 15
2360 8 16
2361 8 16
2362 8 16
2363 8 16
2364 8 16
2365 8 16
2366 8 16
2367 8 16
2368 8 16
2369 8 16
2370 8 16
2371 8 16
2372 8 16
2373 8 16
2374 8 15
2375 8 15
2376 8 15
2377 8 15
2378 8 15
2379 8 15
2380 8 15
2381 8 15
2382 8 15
2383 8 15
2384 8 15
2385 8 15
2386 8 16
2387 8 15
2388 8 15
2389 8 15
2390 8 16
2391 8 16
2392 8 16
2393 8 16
2394 8 16
2395 8 15
2396 8 15
2397 8 15
2398 8 15
2399 8 15
2400 8 15
2401 8 16
2402 8 16
2403 8 16
2404 8 16
2405 8 16
2406 8 15
2407 8 15
2408 8 15
2409 8 15
2410 8 15
2411 8 15
2412 8 15
2413 8 15
2414 8 15
2415 8 15
2416 8 15
2417 8 15
2418 8 15
2419 8 15
2420 8 15
2421 8 15
2422 8 16
2423 8 16
2424 8 16
2425 8 16
2426 8 16
2427 8 15
2428 8 15
2429 8 15
2430 8 15
2431 8 15
2432 8 15
2433 8 15
2434 8 15
2435 8 15
2436 8 15
2437 8 15
2438 9 15
2439 9 15
2440 9 15
2441 9 15
2442 9 15
2443 9 15
2444 9 15
2445 9 15
2446 9 15
2447 9 15
2448 9 15
2449 9 15
2450 9 15
2451 9 15
2452 9 15
2453 9 15
2454 9 15
2455 9 15
2456 9 15
2457 9 15
2458 9 15
2459 9 15
2460 9 15
2461 9 15
2462 9 15
2463 9 15
2464 9 15
2465 9 15
2466 9 15
2467 9 15
2468 9 15
2469 9 15
2470 9 15
2471 9 15
2472 9 15
2473 9 15
2474 9 15
2475 9 15
2476 9 15
2477 9 15
2478 9 15
2479 9 15
2480 9 15
2481 9 15
2482 9 15
2483 9 15
2484 9 15
2485 9 15
2486 9 15
2487 9 15
2488 9 15
2489 9 15
2490 9 15
2491 9 15
2492 9 15
2493 9 15
2494 9 15
2495 9 15
2496 9 15
2497 9 15
2498 9 15
2499 9 15
2500 9 15
2501 10 15
2502 10 15
2503 10 15
2504 10 15
2505 10 15
2506 10 15
2507 10 15
2508 10 15
2509 10 15
2510 10 15
2511 10 15
2512 10 15
2513 10 15
2514 10 15
2515 10 15
2516 10 15
2517 10 15
2518 10 15
2519 10 15
2520 10 15
2521 10 15
2522 10 15
2523 10 15
2524 10 15
2525 10 15
2526 10 15
2527 10 15
2528 10 15
2529 10 15
2530 10 15
2531 10 15
2532 10 15
2533 10 15
2534 10 15
2535 10 15
2536 10 15
2537 10 15
2538 10 15
2539 10 15
2540 10 15
2541 10 15
2542 10 15
2543 10 15
2544 10 15
2545 10 15
2546 10 15
2547 10 15
2548 10 15
2549 10 15
2550 10 15
2551 10 15
2552 10 15
2553 10 15
2554 10 15
2555 10 15
2556 10 15
2557 10 15
2558 10 15
2559 10 15
2560 10 15
2561 10 15
2562 10 15
2563 10 15
2564 10 15
2565 10 15
2566 10 15
2567 10 15
2568 10 15
2569 10 15
2570 10 15
2571 10 15
2572 10 15
2573 10 15
2574 10 15
2575 10 15
2576 10 15
2577 11 15
2578 11 15
2579 11 15
2580 11 15
2581 11 15
2582 11 15
2583 11 15
2584 11 15
2585 11 15
2586 11 15
2587 11 15
2588 11 15
2589 11 15
2590 11 15
2591 11 15
2592 11 15
2593 11 15
2594 11 15
2595 11 15
2596 11 15
2597 11 15
2598 11 15
2599 11 15
2600 11 15
2601 11 15
2602 11 15
2603 11 15
2604 11 15
2605 11 15
2606 11 15
2607 11 15
2608 11 15
2609 11 15
2610 11 15
2611 11 15
2612 11 15
2613 11 15
2614 11 15
2615 11 15
2616 11 15
2617 11 15
2618 11 15
2619 11 15
2620 11 15
2621 11 15
2622 11 15
2623 11 15
2624 11 15
2625 11 15
2626 11 15
2627 11 15
2628 11 15
2629 11 15
2630 11 15
2631 11 15
2632 11 15
2633 11 15
2634 11 15
2635 11 15
2636 11 15
2637 12 15
2638 12 15
2639 12 15
2640 12 15
2641 12 15
2642 12 15
2643 12 15
2644 12 15
2645 12 15
2646 12 15
2647 12 15
2648 12 15
2649 12 15
2650 12 15
2651 12 15
2652 12 15
2653 12 15
2654 12 15
2655 12 15
2656 12 15
2657 12 15
2658 12 15
2659 12 15
2660 12 15
2661 12 15
2662 12 15
2663 12 15
2664 12 15
2665 12 15
2666 12 15
2667 12 15
2668 12 15
2669 12 15
2670 12 15
2671 12 15
2672 12 15
2673 12 15
2674 12 15
2675 12 15
2676 12 15
2677 12 15
2678 12 15
2679 12 15
2680 12 15
2681 12 15
2682 12 15
2683 12 15
2684 12 15
2685 13 15
2686 13 15
2687 13 15
2688 13 15
2689 13 15
2690 13 15
2691 13 15
2692 13 15
2693 13 15
2694 13 15
2695 13 15
2696 13 15
2697 13 15
2698 13 15
2699 13 15
2700 13 15
2701 13 15
2702 13 15
2703 13 15
2704 13 15
2705 13 15
2706 13 15
2707 13 15
2708 13 15
2709 13 15
2710 13 15
2711 13 15
2712 13 15
2713 13 15
2714 13 15
2715 13 15
2716 13 15
2717 13 15
2718 13 15
2719 13 15
2720 13 15
2721 13 15
2722 13 15
2723 13 15
2724 13 15
2725 13 15
2726 13 15
2727 13 15
2728 13 15
2729 13 15
2730 13 15
2731 13 15
2732 13 15
2733 13 15
2734 13 15
2735 13 15
2736 13 15
2737 13 15
2738 13 15
2739 13 15
2740 13 15
2741 13 15
2742 13 15
2743 13 15
2744 13 15
2745 13 15
2746 13 15
2747 13 15
2748 13 15
2749 13 15
2750 13 15
2751 13 15
2752 13 15
2753 13 15
2754 13 15
2755 13 15
2756 13 15
2757 13 15
2758 13 15
2759 13 15
2760 13 15
2761 14 15
2762 14 15
2763 14 15
2764 14 15
2765 14 15
2766 14 15
2767 14 15
2768 14 15
2769 14 15
2770 14 15
2771 14 15
2772 14 15
2773 14 15
2774 14 15
2775 14 15
2776 14 15
2777 14 15
2778 14 15
2779 14 15
2780 14 15
2781 14 15
2782 14 15
2783 14 15
2784 15 15
2785 15 15
2786 15 15
2787 15 15
2788 15 15
2789 15 15
2790 15 15
2791 15 15
2792 15 15
2793 15 15
2794 15 15
2795 15 15
2796 15 15
2797 15 15
2798 15 15
2799 15 15
2800 15 15
2801 15 15
2802 15 15
2803 15 15
2804 15 15
2805 15 15
2806 15 15
2807 15 15
2808 15 15
2809 15 15
2810 15 15
2811 15 15
2812 15 15
2813 15 15
2814 15 15
2815 15 15
2816 15 15
2817 15 15
2818 15 15
2819 15 15
2820 16 15
2821 16 15
2822 16 15
2823 16 15
2824 16 15
2825 16 15
2826 16 15
2827 16 15
2828 16 15
2829 16 15
2830 16 15
2831 16 15
2832 16 15
2833 16 15
2834 16 15
2835 16 15
2836 16 15
2837 16 15
2838 16 15
2839 17 15
2840 17 15
2841 17 15
2842 17 15
2843 17 15
2844 17 15
2845 17 15
2846 17 15
2847 17 15
2848 17 15
2849 17 15
2850 17 15
2851 17 15
2852 17 15
2853 17 15
2854 17 15
2855 17 15
2856 17 15
2857 17 15
2858 17 15
2859 17 15
2860 18 15
2861 18 15
2862 18 15
2863 18 15
2864 18 15
2865 18 15
2866 18 15
2867 18 15
2868 18 15
2869 18 15
2870 18 15
2871 18 15
2872 18 15
2873 18 15
2874 18 15
2875 18 15
2876 18 15
2877 18 15
2878 18 15
2879 18 15
2880 18 15
2881 18 15
2882 18 15
2883 18 15
2884 18 15
2885 18 15
2886 18 15
2887 18 15
2888 18 15
2889 18 15
2890 18 15
2891 18 15
2892 18 15
2893 18 15
2894 19 15
2895 19 14
2896 19 14
2897 19 14
2898 19 14
2899 19 14
2900 19 14
2901 19 14
2902 19 14
2903 19 14
2904 19 14
2905 19 14
2906 19 14
2907 19 14
2908 19 14
2909 19 14
2910 19 14
2911 19 14
2912 19 14
2913 20 14
2914 20 15
2915 20 14
2916 20 14
2917 20 14
2918 20 14
2919 20 14
2920 20 14
2921 20 14
2922 20 14
2923 20 14
2924 20 14
2925 20 14
2926 20 14
2927 20 14
2928 20 14
2929 20 14
2930 20 14
2931 20 14
2932 20 14
2933 20 14
2934 20 14
2935 20 14
2936 21 14
2937 21 14
2938 21 14
2939 21 14
2940 21 14
2941 21 14
2942 21 14
2943 21 14
2944 21 14
2945 21 14
2946 21 14
2947 21 14
2948 22 14
2949 22 14
2950 22 14
2951 22 14
2952 22 14
2953 22 14
2954 22 14
2955 22 14
2956 23 14
2957 23 14
2958 23 14
2959 23 14
2960 23 14
2961 23 14
2962 23 14
2963 23 14
2964 23 14
2965 23 14
2966 24 14
2967 24 14
2968 24 14
2969 24 14
2970 24 14
2971 24 14
2972 24 14
2973 24 14
2974 24 14
2975 24 14
2976 24 14
2977 24 14
2978 25 14
2979 25 14
2980 25 14
2981 25 14
2982 25 14
2983 25 14
2984 25 14
2985 25 14
2986 25 14
2987 25 14
2988 25 14
2989 25 14
2990 25 14
2991 25 14
2992 25 14
2993 25 14
2994 25 14
2995 25 14
2996 25 14
2997 25 14
2998 25 14
2999 25 14
3000 25 14
3001 25 14
3002 25 14
3003 25 14
3004 25 14
3005 25 14
3006 26 14
3007 26 14
3008 26 14
3009 26 14
3010 26 14
3011 26 14
3012 26 14
3013 26 14
3014 26 14
3015 26 14
3016 26 14
3017 26 14
3018 26 14
3019 26 14
3020 26 14
3021 26 14
3022 26 14
3023 26 14
3024 26 14
3025 26 14
3026 26 14
3027 26 14
3028 26 14
3029 26 14
3030 26 14
3031 26 14
3032 27 14
3033 27 14
3034 27 14
3035 27 14
3036 27 14
3037 27 14
3038 27 14
3039 27 14
3040 27 14
3041 27 14
3042 27 14
3043 27 14
3044 27 14
3045 27 14
3046 27 14
3047 27 14
3048 27 14
3049 27 14
3050 27 14
3051 27 14
3052 27 14
3053 27 14
3054 27 14
3055 27 14
3056 27 14
3057 27 14
3058 27 14
3059 27 14
3060 27 14
3061 27 14
3062 27 14
3063 27 14
3064 27 14
3065 28 14
3066 28 14
3067 28 14
3068 28 14
3069 28 14
3070 28 14
3071 29 14
3072 29 14
3073 29 14
3074 29 14
3075 29 14
3076 29 14
3077 29 14
3078 29 14
3079 29 14
3080 29 14
3081 30 14
3082 31 14
3083 31 14
3084 31 14
3085 31 14
3086 31 14
3087 31 14
3088 32 14
3089 32 14
3090 32 14
3091 32 14
3092 33 14
3093 33 14
3094 33 14
3095 33 14
3096 33 14
3097 34 14
3098 34 14
3099 34 14
3100 35 14
3101 35 14
3102 35 14
3103 36 14
3104 36 14
3105 36 14
3106 36 14
3107 36 14
3108 36 14
3109 36 14
3110 37 14
3111 37 14
3112 37 14
3113 37 14
3114 37 14
3115 37 14
3116 37 14
3117 37 14
3118 37 14
3119 37 14
3120 38 14
3121 38 14
3122 38 14
3123 39 14
3124 40 14
3125 41 14
3126 41 14
3127 41 14
3128 41 14
3129 41 14
3130 41 14
3131 41 14
3132 41 14
3133 41 14
3134 41 14
3135 41 14
3136 41 14
3137 41 14
3138 41 14
3139 41 14
3140 41 14
3141 41 14
3142 42 14
3143 42 14
3144 42 14
3145 42 14
3146 43 14
3147 43 14
3148 43 14
3149 44 14
3150 44 14
3151 44 15
3152 44 15
3153 45 15
3154 45 15
3155 45 15
3156 45 15
3157 45 15
3158 45 15
3159 45 15
3160 45 15
3161 46 15
3162 46 15
3163 47 15
3164 47 15
3165 47 15
3166 47 15
3167 47 15
3168 47 15
3169 47 15
3170 47 15
3171 47 14
3172 47 14
3173 47 14
3174 47 14
3175 47 14
3176 47 14
3177 47 14
3178 47 14
3179 47 14
3180 47 14
3181 47 14
3182 47 14
3183 47 14
3184 47 14
3185 47 14
3186 47 14
3187 47 14
3188 47 14
3189 47 14
3190 47 14
3191 47 14
3192 47 14
3193 47 14
3194 47 14
3195 47 14
3196 47 14
3197 47 14
3198 47 14
3199 47 14
3200 47 14
3201 48 14
3202 48 14
3203 48 14
3204 49 14
3205 49 14
3206 49 14
3207 50 14
3208 50 14
3209 50 14
3210 50 14
3211 51 14
3212 51 14
3213 51 14
3214 51 14
3215 51 14
3216 51 14
3217 51 14
3218 52 15
3219 53 15
3220 53 15
3221 53 15
3222 53 15
3223 53 15
3224 53 15
3225 53 15
3226 53 15
3227 54 15
3228 54 15
3229 55 15
3230 55 15
3231 55 15
3232 55 15
3233 56 15
3234 56 15
3235 57 15
3236 57 15
3237 57 15
3238 57 15
3239 57 15
3240 57 15
3241 58 15
3242 59 15
3243 60 15
3244 60 15
3245 60 15
3246 60 15
3247 63 15
3248 63 15
3249 64 15
3250 64 15
3251 65 15
3252 67 15
3253 68 15
3254 68 15
3255 69 15
3256 69 15
3257 71 15
3258 71 15
3259 72 15
3260 72 15
3261 72 15
3262 72 15
3263 73 15
3264 73 15
3265 73 15
3266 74 15
3267 74 15
3268 74 15
3269 74 15
3270 75 15
3271 77 15
3272 78 15
3273 81 15
3274 83 15
3275 83 15
3276 83 15
3277 83 15
3278 83 15
3279 83 15
3280 83 15
3281 83 15
3282 83 15
3283 83 15
3284 84 15
3285 95 15
3286 95 15
3287 95 14
3288 95 14
3289 95 14
3290 95 14
3291 95 14
3292 95 14
3293 95 14
3294 95 14
3295 95 14
3296 95 14
3297 95 14
3298 95 14
3299 95 14
3300 95 14
3301 95 14
3302 95 14
3303 95 14
3304 95 14
3305 95 14
3306 95 14
3307 95 14
3308 95 14
3309 95 14
3310 95 14
3311 95 14
3312 95 14
3313 95 14
3314 95 14
3315 95 14
3316 95 14
3317 95 14
3318 96 14
3319 100 14
