0 0 0
1 0 0
2 0 0
3 0 100
4 0 100
5 0 100
6 0 100
7 0 100
8 0 100
9 0 100
10 0 100
11 0 100
12 0 100
13 0 100
14 0 100
15 0 100
16 0 100
17 0 100
18 0 100
19 0 100
20 0 100
21 0 100
22 0 100
23 0 100
24 0 100
25 0 100
26 0 100
27 0 100
28 0 100
29 0 100
30 0 100
31 0 100
32 0 100
33 0 100
34 0 100
35 0 100
36 0 100
37 0 100
38 0 100
39 0 100
40 0 100
41 0 100
42 0 100
43 0 100
44 0 100
45 0 100
46 0 100
47 0 100
48 0 100
49 0 100
50 0 100
51 0 100
52 0 100
53 0 100
54 0 100
55 0 100
56 0 100
57 0 100
58 0 100
59 0 100
60 0 100
61 0 100
62 0 100
63 0 100
64 0 100
65 0 100
66 0 100
67 0 100
68 0 100
69 0 100
70 0 100
71 0 100
72 0 100
73 0 100
74 0 100
75 0 100
76 0 100
77 0 100
78 0 100
79 0 100
80 0 100
81 0 100
82 0 100
83 0 100
84 0 100
85 0 100
86 0 100
87 0 100
88 0 100
89 0 100
90 0 100
91 0 100
92 0 100
93 0 100
94 0 100
95 0 100
96 0 100
97 0 100
98 0 100
99 0 100
100 0 100
101 0 100
102 0 100
103 0 100
104 0 100
105 0 100
106 0 100
107 0 100
108 0 100
109 0 100
110 0 100
111 0 100
112 0 100
113 0 100
114 0 100
115 0 100
116 0 100
117 0 100
118 0 100
119 0 100
120 0 100
121 0 100
122 0 100
123 0 100
124 0 100
125 0 100
126 0 100
127 0 100
128 0 100
129 0 100
130 0 97
131 0 95
132 0 95
133 0 95
134 0 95
135 0 95
136 0 95
137 0 95
138 0 95
139 0 95
140 0 95
141 0 93
142 0 91
143 0 91
144 0 91
145 0 90
146 0 88
147 0 88
148 0 88
149 0 88
150 0 88
151 0 89
152 0 89
153 0 89
154 0 89
155 0 89
156 0 89
157 0 89
158 0 89
159 0 89
160 0 89
161 0 89
162 0 89
163 0 89
164 0 87
165 0 87
166 0 87
167 0 86
168 0 86
169 0 86
170 0 85
171 0 85
172 0 85
173 0 85
174 0 85
175 0 85
176 0 83
177 0 83
178 0 83
179 0 83
180 0 83
181 0 83
182 0 84
183 0 84
184 0 84
185 0 84
186 0 84
187 0 84
188 0 84
189 0 84
190 0 84
191 0 84
192 0 84
193 0 84
194 0 83
195 0 82
196 0 80
197 0 80
198 0 80
199 0 80
200 0 80
201 0 80
202 0 80
203 0 80
204 0 79
205 0 79
206 0 78
207 0 78
208 0 77
209 0 77
210 0 77
211 0 77
212 0 77
213 0 77
214 0 77
215 0 77
216 0 77
217 0 78
218 0 78
219 0 78
220 0 78
221 0 78
222 0 78
223 0 78
224 0 78
225 0 78
226 0 78
227 0 79
228 0 79
229 0 79
230 0 79
231 0 79
232 0 79
233 0 78
234 0 79
235 0 79
236 0 79
237 0 79
238 0 79
239 0 79
240 0 78
241 0 78
242 0 78
243 0 78
244 0 78
245 0 78
246 0 78
247 0 78
248 0 79
249 0 79
250 0 79
251 0 78
252 0 77
253 0 77
254 0 77
255 0 78
256 0 78
257 0 78
258 0 78
259 0 78
260 0 78
261 0 78
262 0 78
263 0 78
264 0 78
265 0 78
266 0 78
267 0 78
268 0 78
269 0 78
270 0 78
271 0 78
272 0 78
273 0 78
274 0 79
275 0 79
276 0 79
277 0 79
278 0 79
279 0 79
280 0 79
281 0 79
282 0 79
283 0 79
284 0 79
285 0 79
286 0 79
287 0 80
288 0 80
289 0 80
290 0 80
291 0 80
292 0 80
293 0 80
294 0 80
295 0 80
296 0 80
297 0 80
298 0 80
299 0 80
300 0 80
301 0 80
302 0 80
303 0 80
304 0 80
305 0 80
306 0 80
307 0 80
308 0 80
309 0 80
310 0 80
311 0 81
312 0 81
313 0 81
314 0 81
315 0 81
316 0 81
317 0 81
318 0 81
319 0 82
320 0 82
321 0 82
322 0 82
323 0 82
324 0 82
325 0 82
326 0 82
327 0 82
328 0 82
329 0 81
330 0 81
331 0 81
332 0 81
333 0 82
334 0 82
335 0 82
336 0 82
337 0 82
338 0 82
339 0 82
340 0 82
341 0 82
342 0 82
343 0 82
344 0 82
345 0 82
346 0 83
347 0 83
348 0 83
349 0 82
350 0 81
351 0 81
352 0 81
353 0 82
354 0 82
355 0 82
356 0 82
357 0 82
358 0 82
359 0 82
360 0 82
361 0 82
362 0 82
363 0 81
364 0 81
365 0 81
366 0 81
367 0 81
368 0 81
369 0 81
370 0 81
371 0 81
372 0 80
373 0 80
374 0 81
375 0 81
376 0 81
377 0 81
378 0 80
379 0 80
380 0 80
381 0 80
382 0 80
383 0 80
384 0 80
385 0 80
386 0 80
387 0 80
388 0 80
389 0 80
390 0 80
391 0 80
392 0 80
393 0 80
394 0 80
395 0 80
396 0 80
397 0 80
398 0 80
399 0 80
400 0 80
401 0 80
402 0 80
403 0 80
404 0 80
405 0 80
406 0 80
407 0 80
408 0 80
409 0 80
410 0 80
411 0 80
412 0 80
413 0 80
414 0 80
415 0 80
416 0 80
417 0 80
418 0 80
419 0 80
420 0 80
421 0 80
422 0 80
423 0 80
424 0 79
425 0 79
426 0 79
427 0 79
428 0 79
429 0 79
430 0 79
431 0 79
432 0 79
433 0 79
434 0 79
435 0 79
436 0 79
437 0 80
438 0 80
439 0 80
440 0 80
441 0 80
442 0 80
443 0 80
444 0 80
445 0 80
446 0 80
447 0 79
448 0 79
449 0 80
450 0 80
451 0 80
452 0 80
453 0 80
454 0 80
455 0 80
456 0 80
457 0 80
458 0 80
459 0 80
460 0 80
461 0 80
462 0 80
463 0 80
464 0 80
465 0 80
466 0 80
467 0 80
468 0 80
469 0 80
470 0 80
471 0 80
472 0 81
473 0 81
474 0 81
475 0 81
476 0 81
477 0 81
478 0 81
479 0 81
480 0 81
481 0 81
482 0 81
483 0 81
484 0 81
485 0 81
486 0 81
487 0 81
488 0 81
489 0 81
490 0 81
491 0 81
492 0 81
493 0 81
494 0 81
495 0 81
496 0 82
497 0 82
498 0 82
499 0 82
500 0 82
501 0 81
502 0 81
503 0 81
504 0 81
505 0 81
506 0 81
507 0 81
508 0 81
509 0 81
510 0 81
511 0 81
512 0 81
513 0 81
514 0 81
515 0 81
516 0 81
517 0 81
518 0 81
519 0 81
520 0 81
521 0 81
522 0 81
523 0 81
524 0 81
525 0 81
526 0 81
527 0 81
528 0 81
529 0 81
530 0 81
531 0 81
532 0 81
533 0 81
534 0 81
535 0 81
536 0 81
537 0 81
538 0 81
539 0 81
540 0 81
541 0 81
542 0 81
543 0 81
544 0 81
545 0 81
546 0 81
547 0 81
548 0 81
549 0 81
550 0 82
551 0 82
552 0 82
553 0 82
554 0 82
555 0 82
556 0 82
557 0 82
558 0 82
559 0 82
560 0 82
561 0 82
562 0 82
563 0 82
564 0 82
565 0 82
566 0 82
567 0 82
568 0 82
569 0 82
570 0 82
571 0 82
572 0 82
573 0 82
574 0 82
575 0 82
576 0 82
577 0 82
578 0 82
579 0 82
580 0 82
581 0 82
582 0 82
583 0 82
584 0 82
585 0 82
586 0 82
587 0 82
588 0 82
589 0 82
590 0 82
591 0 82
592 0 82
593 0 82
594 0 82
595 0 82
596 0 82
597 0 82
598 0 82
599 0 82
600 0 82
601 0 82
602 0 82
603 0 82
604 0 82
605 0 82
606 0 82
607 0 82
608 0 82
609 0 82
610 0 82
611 0 82
612 0 83
613 0 83
614 0 83
615 0 83
616 0 83
617 0 83
618 0 83
619 0 83
620 0 83
621 0 83
622 0 83
623 0 83
624 0 83
625 0 83
626 0 83
627 0 83
628 0 83
629 0 83
630 0 83
631 0 83
632 0 83
633 0 83
634 0 83
635 0 83
636 0 83
637 0 83
638 0 83
639 0 83
640 0 83
641 0 83
642 0 83
643 0 83
644 0 83
645 0 83
646 0 83
647 0 83
648 0 83
649 0 83
650 0 83
651 0 83
652 0 83
653 0 83
654 0 83
655 0 83
656 0 84
657 0 83
658 0 83
659 0 83
660 0 83
661 0 83
662 0 83
663 0 83
664 0 83
665 0 83
666 0 83
667 0 84
668 0 83
669 0 83
670 0 83
671 0 83
672 0 83
673 0 83
674 0 83
675 0 83
676 0 83
677 0 83
678 0 83
679 0 83
680 0 83
681 0 83
682 0 83
683 0 83
684 0 83
685 0 83
686 0 83
687 0 83
688 0 83
689 0 83
690 0 83
691 0 83
692 0 83
693 0 83
694 0 83
695 0 83
696 0 83
697 0 83
698 0 83
699 0 83
700 0 83
701 0 83
702 0 83
703 0 83
704 0 83
705 0 83
706 0 83
707 0 83
708 0 83
709 0 83
710 0 83
711 0 83
712 0 83
713 0 83
714 0 83
715 0 83
716 0 83
717 0 83
718 0 83
719 0 83
720 0 82
721 0 82
722 0 82
723 0 82
724 0 82
725 0 82
726 0 82
727 0 82
728 0 82
729 0 81
730 0 81
731 0 81
732 0 81
733 0 81
734 0 81
735 0 81
736 0 81
737 0 81
738 0 81
739 0 81
740 0 81
741 0 81
742 0 81
743 0 81
744 0 81
745 0 81
746 0 81
747 0 81
748 0 81
749 0 81
750 0 81
751 0 81
752 0 81
753 0 81
754 0 81
755 0 80
756 0 80
757 0 80
758 0 81
759 0 81
760 0 81
761 0 81
762 0 81
763 0 81
764 0 80
765 0 80
766 0 80
767 0 80
768 0 80
769 0 80
770 0 80
771 0 80
772 0 80
773 0 80
774 0 80
775 0 80
776 0 80
777 0 80
778 0 80
779 0 80
780 0 80
781 0 80
782 0 80
783 0 79
784 0 79
785 0 79
786 0 79
787 0 79
788 0 79
789 0 79
790 0 79
791 0 79
792 0 79
793 0 79
794 0 79
795 0 79
796 0 79
797 0 79
798 0 79
799 0 79
800 0 79
801 0 79
802 0 79
803 0 79
804 0 79
805 0 79
806 0 79
807 0 78
808 0 78
809 0 78
810 0 78
811 0 78
812 0 78
813 0 78
814 0 78
815 0 78
816 0 78
817 0 78
818 0 78
819 0 79
820 0 79
821 0 79
822 0 79
823 0 78
824 0 78
825 0 78
826 0 78
827 0 78
828 0 78
829 0 78
830 0 78
831 0 78
832 0 78
833 0 78
834 0 78
835 0 78
836 0 78
837 0 78
838 0 78
839 0 78
840 0 78
841 0 78
842 0 78
843 0 78
844 0 78
845 0 78
846 0 78
847 0 78
848 0 78
849 0 78
850 0 78
851 0 78
852 0 78
853 0 78
854 0 78
855 0 78
856 0 78
857 0 78
858 0 78
859 0 78
860 0 78
861 0 78
862 0 78
863 0 78
864 0 78
865 0 78
866 0 78
867 0 78
868 0 78
869 0 78
870 0 78
871 0 78
872 0 78
873 0 78
874 0 78
875 0 78
876 0 78
877 0 78
878 0 78
879 0 78
880 0 78
881 0 78
882 0 78
883 0 78
884 0 78
885 0 78
886 0 78
887 0 78
888 0 78
889 0 78
890 0 78
891 0 78
892 0 78
893 0 78
894 0 78
895 0 78
896 0 78
897 0 78
898 0 78
899 0 78
900 0 78
901 0 78
902 0 78
903 0 78
904 0 78
905 0 78
906 0 78
907 1 78
908 1 78
909 1 78
910 1 78
911 1 78
912 1 78
913 1 78
914 1 78
915 1 78
916 1 78
917 1 78
918 1 78
919 1 78
920 1 78
921 1 78
922 1 78
923 1 78
924 1 78
925 1 78
926 1 78
927 1 78
928 1 78
929 1 78
930 1 78
931 1 78
932 1 78
933 1 78
934 1 78
935 1 78
936 1 78
937 1 78
938 1 78
939 1 78
940 1 78
941 1 78
942 1 78
943 1 78
944 1 78
945 1 78
946 1 78
947 1 78
948 1 78
949 1 77
950 1 77
951 1 77
952 1 77
953 1 77
954 1 77
955 1 77
956 1 77
957 1 77
958 1 77
959 1 77
960 1 77
961 1 77
962 1 77
963 1 77
964 1 77
965 1 77
966 1 77
967 1 77
968 1 77
969 1 77
970 1 77
971 1 77
972 1 77
973 1 77
974 1 77
975 1 77
976 1 76
977 1 77
978 1 77
979 1 77
980 1 77
981 1 77
982 1 77
983 1 77
984 1 77
985 1 77
986 1 77
987 1 76
988 1 76
989 1 76
990 1 76
991 1 76
992 1 76
993 1 76
994 1 76
995 1 76
996 1 76
997 1 76
998 1 76
999 1 76
1000 1 76
1001 1 76
1002 1 76
1003 1 76
1004 1 76
1005 1 76
1006 1 76
1007 1 76
1008 1 76
1009 1 76
1010 1 76
1011 1 76
1012 1 76
1013 1 76
1014 1 76
1015 1 76
1016 1 76
1017 1 76
1018 1 76
1019 1 76
1020 1 76
1021 1 76
1022 1 76
1023 1 76
1024 1 76
1025 1 76
1026 1 76
1027 1 76
1028 1 76
1029 1 76
1030 1 76
1031 1 76
1032 1 76
1033 1 76
1034 1 76
1035 1 76
1036 1 76
1037 1 76
1038 1 76
1039 1 76
1040 1 76
1041 1 76
1042 1 76
1043 1 76
1044 1 76
1045 1 76
1046 1 76
1047 1 76
1048 1 76
1049 1 76
1050 1 76
1051 1 76
1052 1 76
1053 1 76
1054 1 76
1055 1 76
1056 1 76
1057 1 76
1058 1 76
1059 1 76
1060 1 76
1061 1 76
1062 1 76
1063 1 76
1064 1 76
1065 1 76
1066 1 76
1067 1 76
1068 1 76
1069 1 76
1070 1 76
1071 1 76
1072 1 76
1073 1 76
1074 1 76
1075 1 76
1076 1 76
1077 1 76
1078 1 76
1079 1 76
1080 1 76
1081 1 76
1082 1 76
1083 1 76
1084 1 76
1085 1 76
1086 1 76
1087 1 76
1088 1 76
1089 1 76
1090 1 76
1091 1 76
1092 1 76
1093 1 76
1094 1 76
1095 1 76
1096 1 76
1097 1 76
1098 1 76
1099 1 76
1100 1 76
1101 1 76
1102 1 76
1103 1 76
1104 1 76
1105 1 76
1106 1 76
1107 1 76
1108 1 76
1109 1 76
1110 1 76
1111 1 76
1112 1 76
1113 1 76
1114 1 76
1115 1 76
1116 1 76
1117 1 76
1118 1 76
1119 1 76
1120 1 76
1121 1 76
1122 1 76
1123 1 76
1124 1 76
1125 1 76
1126 1 76
1127 1 76
1128 1 76
1129 1 76
1130 1 76
1131 1 76
1132 1 76
1133 1 76
1134 1 76
1135 1 76
1136 1 76
1137 1 76
1138 1 76
1139 1 76
1140 1 76
1141 1 76
1142 1 76
1143 1 76
1144 1 76
1145 1 77
1146 1 77
1147 1 77
1148 1 76
1149 1 76
1150 1 76
1151 1 77
1152 1 76
1153 1 76
1154 1 76
1155 1 76
1156 1 76
1157 1 76
1158 1 76
1159 1 76
1160 1 76
1161 1 76
1162 1 76
1163 1 76
1164 1 76
1165 1 76
1166 1 76
1167 1 76
1168 1 76
1169 1 76
1170 1 76
1171 1 76
1172 1 76
1173 1 76
1174 1 76
1175 1 76
1176 1 76
1177 1 76
1178 1 76
1179 1 76
1180 1 76
1181 1 76
1182 1 76
1183 1 75
1184 1 75
1185 1 75
1186 1 75
1187 1 76
1188 1 76
1189 1 76
1190 1 75
1191 1 75
1192 1 75
1193 1 75
1194 1 75
1195 1 75
1196 1 75
1197 1 75
1198 1 75
1199 1 75
1200 1 75
1201 1 75
1202 1 75
1203 1 75
1204 1 75
1205 1 75
1206 1 75
1207 1 75
1208 1 75
1209 1 75
1210 1 75
1211 1 75
1212 1 75
1213 1 75
1214 1 75
1215 1 75
1216 1 75
1217 1 75
1218 1 75
1219 1 76
1220 1 76
1221 1 75
1222 1 75
1223 1 75
1224 1 75
1225 1 76
1226 1 76
1227 1 75
1228 1 75
1229 1 75
1230 1 75
1231 1 75
1232 1 75
1233 1 75
1234 1 75
1235 1 75
1236 1 75
1237 1 75
1238 1 75
1239 1 75
1240 1 75
1241 1 75
1242 1 75
1243 1 75
1244 1 75
1245 1 75
1246 1 75
1247 1 75
1248 1 75
1249 1 75
1250 1 75
1251 1 75
1252 1 75
1253 1 75
1254 1 75
1255 1 75
1256 1 75
1257 1 75
1258 1 75
1259 1 75
1260 1 75
1261 1 75
1262 1 75
1263 1 75
1264 1 75
1265 1 75
1266 1 75
1267 1 74
1268 1 74
1269 1 74
1270 1 74
1271 1 74
1272 1 74
1273 1 74
1274 1 74
1275 1 74
1276 1 74
1277 1 75
1278 1 75
1279 1 75
1280 1 75
1281 1 75
1282 1 75
1283 1 74
1284 1 75
1285 1 74
1286 1 74
1287 1 74
1288 1 74
1289 1 74
1290 1 74
1291 1 74
1292 2 74
1293 2 74
1294 2 74
1295 2 74
1296 2 74
1297 2 74
1298 2 74
1299 2 74
1300 2 74
1301 2 74
1302 2 74
1303 2 73
1304 2 73
1305 2 73
1306 2 73
1307 2 73
1308 2 73
1309 2 73
1310 2 73
1311 2 73
1312 2 73
1313 2 73
1314 2 73
1315 2 73
1316 2 73
1317 2 72
1318 2 72
1319 2 72
1320 2 72
1321 2 72
1322 2 72
1323 2 72
1324 2 72
1325 2 72
1326 2 72
1327 2 72
1328 2 72
1329 2 72
1330 2 72
1331 2 72
1332 2 72
1333 2 72
1334 2 72
1335 2 72
1336 2 72
1337 2 72
1338 2 72
1339 2 72
1340 2 72
1341 2 72
1342 2 72
1343 2 72
1344 2 72
1345 2 72
1346 2 72
1347 2 72
1348 2 72
1349 2 72
1350 2 72
1351 2 72
1352 2 72
1353 2 72
1354 2 72
1355 2 72
1356 2 72
1357 2 72
1358 2 72
1359 2 72
1360 2 72
1361 2 72
1362 2 72
1363 2 72
1364 2 72
1365 2 72
1366 2 72
1367 2 71
1368 2 71
1369 2 71
1370 2 71
1371 2 71
1372 2 71
1373 2 71
1374 2 71
1375 2 71
1376 2 71
1377 2 71
1378 2 71
1379 2 71
1380 2 71
1381 2 71
1382 2 71
1383 2 71
1384 2 71
1385 2 71
1386 2 71
1387 2 71
1388 2 71
1389 2 71
1390 2 71
1391 2 71
1392 2 71
1393 2 71
1394 2 71
1395 2 71
1396 2 71
1397 2 71
1398 2 71
1399 2 71
1400 2 71
1401 2 71
1402 2 71
1403 2 71
1404 2 70
1405 2 70
1406 2 70
1407 2 70
1408 2 70
1409 2 70
1410 2 70
1411 2 70
1412 2 70
1413 2 70
1414 2 70
1415 2 70
1416 2 70
1417 2 70
1418 2 70
1419 2 70
1420 2 70
1421 2 70
1422 2 70
1423 2 70
1424 2 70
1425 2 70
1426 2 70
1427 2 70
1428 2 70
1429 2 70
1430 2 70
1431 2 70
1432 2 70
1433 2 70
1434 2 70
1435 2 70
1436 2 70
1437 2 70
1438 2 70
1439 2 70
1440 2 70
1441 2 70
1442 2 70
1443 2 70
1444 2 70
1445 2 70
1446 2 70
1447 2 70
1448 2 70
1449 2 70
1450 2 70
1451 2 70
1452 2 70
1453 2 70
1454 2 69
1455 2 69
1456 2 69
1457 2 69
1458 2 69
1459 2 69
1460 2 69
1461 2 69
1462 2 69
1463 2 69
1464 2 69
1465 2 69
1466 2 69
1467 2 69
1468 2 69
1469 2 69
1470 2 69
1471 2 69
1472 2 69
1473 2 69
1474 2 69
1475 2 69
1476 2 69
1477 2 69
1478 2 69
1479 2 69
1480 2 69
1481 2 69
1482 2 69
1483 2 69
1484 2 69
1485 2 69
1486 2 69
1487 2 69
1488 2 69
1489 2 69
1490 2 69
1491 2 69
1492 2 69
1493 2 69
1494 2 69
1495 2 69
1496 2 69
1497 2 69
1498 2 69
1499 2 69
1500 2 69
1501 2 69
1502 2 69
1503 2 69
1504 2 69
1505 2 69
1506 2 68
1507 2 68
1508 2 68
1509 2 68
1510 2 68
1511 2 68
1512 2 68
1513 2 68
1514 2 68
1515 2 68
1516 2 68
1517 2 68
1518 2 68
1519 2 68
1520 2 68
1521 2 68
1522 2 68
1523 2 68
1524 2 68
1525 2 68
1526 2 68
1527 2 68
1528 2 68
1529 2 68
1530 2 67
1531 2 67
1532 2 67
1533 2 67
1534 2 67
1535 2 67
1536 2 67
1537 2 67
1538 2 67
1539 2 67
1540 2 67
1541 2 67
1542 2 67
1543 2 67
1544 2 67
1545 2 67
1546 2 67
1547 2 67
1548 2 67
1549 2 67
1550 2 67
1551 2 67
1552 2 67
1553 2 67
1554 2 67
1555 2 66
1556 2 66
1557 2 66
1558 2 66
1559 2 66
1560 2 66
1561 2 67
1562 2 67
1563 2 67
1564 2 67
1565 2 67
1566 2 67
1567 2 67
1568 2 67
1569 2 67
1570 2 66
1571 2 66
1572 2 66
1573 2 66
1574 2 66
1575 2 66
1576 2 66
1577 2 66
1578 2 66
1579 2 66
1580 2 66
1581 2 66
1582 2 66
1583 2 66
1584 3 66
1585 3 66
1586 3 66
1587 3 66
1588 3 66
1589 3 66
1590 3 66
1591 3 66
1592 3 66
1593 3 66
1594 3 66
1595 3 66
1596 3 66
1597 3 66
1598 3 66
1599 3 66
1600 3 66
1601 3 66
1602 3 66
1603 3 66
1604 3 66
1605 3 66
1606 3 66
1607 3 66
1608 3 66
1609 3 66
1610 3 66
1611 3 66
1612 3 66
1613 3 66
1614 3 66
1615 3 66
1616 3 66
1617 3 66
1618 3 66
1619 3 66
1620 3 66
1621 3 66
1622 3 66
1623 3 66
1624 3 66
1625 3 66
1626 3 66
1627 3 66
1628 3 66
1629 3 66
1630 3 65
1631 3 65
1632 3 65
1633 3 65
1634 3 66
1635 3 66
1636 3 66
1637 3 66
1638 3 66
1639 3 65
1640 3 65
1641 3 65
1642 3 65
1643 3 65
1644 3 65
1645 3 65
1646 3 65
1647 3 65
1648 3 65
1649 3 65
1650 3 65
1651 3 65
1652 3 65
1653 3 65
1654 3 65
1655 3 65
1656 3 65
1657 3 65
1658 3 65
1659 3 65
1660 3 65
1661 3 65
1662 3 65
1663 3 65
1664 3 65
1665 3 65
1666 3 65
1667 3 65
1668 3 65
1669 3 65
1670 3 65
1671 3 65
1672 3 65
1673 3 65
1674 3 65
1675 3 65
1676 3 65
1677 3 65
1678 3 65
1679 3 65
1680 3 65
1681 3 65
1682 3 65
1683 3 65
1684 3 65
1685 3 65
1686 3 65
1687 3 65
1688 3 65
1689 3 65
1690 3 65
1691 3 65
1692 3 65
1693 3 65
1694 3 65
1695 3 65
1696 3 65
1697 3 65
1698 3 65
1699 3 65
1700 3 65
1701 3 65
1702 3 65
1703 3 65
1704 3 65
1705 3 65
1706 3 65
1707 3 65
1708 3 65
1709 3 65
1710 3 65
1711 3 65
1712 3 65
1713 3 65
1714 3 65
1715 3 65
1716 3 65
1717 3 65
1718 3 65
1719 3 65
1720 3 65
1721 3 65
1722 3 65
1723 3 65
1724 3 65
1725 3 65
1726 3 65
1727 3 65
1728 3 65
1729 3 65
1730 3 65
1731 3 65
1732 3 65
1733 3 65
1734 3 65
1735 3 65
1736 3 65
1737 3 65
1738 3 65
1739 3 65
1740 3 65
1741 3 65
1742 3 65
1743 3 64
1744 3 64
1745 3 64
1746 3 64
1747 3 64
1748 3 64
1749 3 64
1750 3 64
1751 3 64
1752 3 64
1753 3 64
1754 3 64
1755 3 64
1756 3 64
1757 3 64
1758 3 64
1759 3 64
1760 3 64
1761 3 64
1762 3 64
1763 3 64
1764 3 64
1765 3 63
1766 3 63
1767 3 63
1768 3 63
1769 3 63
1770 3 63
1771 3 63
1772 3 63
1773 3 63
1774 3 63
1775 3 63
1776 3 63
1777 3 63
1778 3 63
1779 3 63
1780 3 63
1781 3 63
1782 3 63
1783 3 63
1784 3 63
1785 3 63
1786 3 63
1787 3 63
1788 3 63
1789 3 63
1790 3 63
1791 3 63
1792 3 63
1793 3 63
1794 3 63
1795 3 63
1796 3 63
1797 3 63
1798 3 63
1799 3 63
1800 3 63
1801 3 63
1802 3 63
1803 3 63
1804 3 62
1805 3 62
1806 3 62
1807 3 62
1808 3 62
1809 4 62
1810 4 62
1811 4 62
1812 4 62
1813 4 62
1814 4 62
1815 4 62
1816 4 62
1817 4 62
1818 4 62
1819 4 62
1820 4 62
1821 4 62
1822 4 62
1823 4 62
1824 4 62
1825 4 62
1826 4 62
1827 4 62
1828 4 62
1829 4 62
1830 4 62
1831 4 62
1832 4 62
1833 4 62
1834 4 62
1835 4 62
1836 4 62
1837 4 62
1838 4 62
1839 4 62
1840 4 62
1841 4 62
1842 4 62
1843 4 62
1844 4 62
1845 4 62
1846 4 62
1847 4 62
1848 4 62
1849 4 62
1850 4 62
1851 4 62
1852 4 62
1853 4 62
1854 4 62
1855 4 62
1856 4 62
1857 4 62
1858 4 62
1859 4 62
1860 4 62
1861 4 62
1862 4 62
1863 4 62
1864 4 62
1865 4 62
1866 4 62
1867 4 62
1868 4 62
1869 4 62
1870 4 62
1871 4 62
1872 4 62
1873 4 62
1874 4 62
1875 4 62
1876 4 62
1877 4 62
1878 4 62
1879 4 62
1880 4 62
1881 4 62
1882 4 62
1883 4 62
1884 4 61
1885 4 61
1886 4 61
1887 4 61
1888 4 61
1889 4 61
1890 4 62
1891 4 62
1892 4 62
1893 4 61
1894 4 61
1895 4 61
1896 4 61
1897 4 61
1898 4 61
1899 4 61
1900 4 61
1901 4 61
1902 4 61
1903 4 61
1904 4 61
1905 4 61
1906 4 61
1907 4 61
1908 4 61
1909 4 61
1910 4 61
1911 4 61
1912 4 61
1913 4 61
1914 4 61
1915 4 61
1916 4 61
1917 4 61
1918 4 61
1919 4 61
1920 4 61
1921 4 61
1922 4 61
1923 4 61
1924 4 61
1925 4 61
1926 4 61
1927 4 61
1928 4 61
1929 4 61
1930 4 60
1931 4 60
1932 4 60
1933 4 60
1934 4 60
1935 4 60
1936 4 60
1937 4 60
1938 4 60
1939 4 60
1940 4 60
1941 4 60
1942 4 60
1943 4 60
1944 4 60
1945 4 60
1946 4 60
1947 4 60
1948 4 60
1949 4 60
1950 4 60
1951 4 60
1952 4 60
1953 4 60
1954 5 60
1955 5 60
1956 5 60
1957 5 60
1958 5 60
1959 5 60
1960 5 60
1961 5 60
1962 5 60
1963 5 60
1964 5 59
1965 5 59
1966 5 59
1967 5 59
1968 5 59
1969 5 60
1970 5 60
1971 5 60
1972 5 60
1973 5 60
1974 5 60
1975 5 60
1976 5 60
1977 5 60
1978 5 60
1979 5 60
1980 5 60
1981 5 60
1982 5 60
1983 5 60
1984 5 60
1985 5 60
1986 5 60
1987 5 60
1988 5 60
1989 5 60
1990 5 60
1991 5 60
1992 5 60
1993 5 60
1994 5 60
1995 5 60
1996 5 60
1997 5 60
1998 5 60
1999 5 60
2000 5 60
2001 5 60
2002 5 60
2003 5 61
2004 5 60
2005 5 61
2006 5 61
2007 5 61
2008 5 61
2009 5 61
2010 5 61
2011 5 61
2012 5 61
2013 5 61
2014 5 61
2015 5 61
2016 5 61
2017 5 61
2018 5 61
2019 5 61
2020 5 61
2021 5 61
2022 5 61
2023 5 61
2024 5 61
2025 5 61
2026 5 61
2027 5 61
2028 5 61
2029 5 61
2030 5 61
2031 5 61
2032 5 61
2033 5 61
2034 5 61
2035 5 61
2036 5 61
2037 5 60
2038 5 60
2039 5 60
2040 5 60
2041 5 60
2042 5 60
2043 5 60
2044 5 60
2045 5 60
2046 5 60
2047 5 60
2048 5 60
2049 5 60
2050 5 60
2051 5 60
2052 5 60
2053 5 60
2054 5 60
2055 5 60
2056 5 60
2057 5 60
2058 5 60
2059 5 60
2060 5 60
2061 5 60
2062 5 60
2063 5 60
2064 5 60
2065 5 60
2066 5 60
2067 5 60
2068 5 60
2069 5 60
2070 5 60
2071 5 60
2072 5 60
2073 5 60
2074 5 60
2075 5 60
2076 5 59
2077 5 59
2078 5 59
2079 5 59
2080 5 59
2081 5 59
2082 5 59
2083 5 59
2084 5 59
2085 5 59
2086 5 59
2087 5 59
2088 5 59
2089 5 59
2090 5 59
2091 5 59
2092 5 59
2093 5 59
2094 5 59
2095 5 59
2096 5 59
2097 5 59
2098 5 59
2099 5 59
2100 5 59
2101 5 59
2102 5 59
2103 5 59
2104 5 59
2105 5 59
2106 5 59
2107 5 59
2108 5 59
2109 5 59
2110 5 59
2111 5 59
2112 5 59
2113 5 59
2114 5 58
2115 5 58
2116 5 58
2117 5 58
2118 5 58
2119 5 58
2120 5 58
2121 5 58
2122 5 58
2123 6 58
2124 6 58
2125 6 58
2126 6 58
2127 6 58
2128 6 58
2129 6 58
2130 6 58
2131 6 58
2132 6 58
2133 6 58
2134 6 58
2135 6 58
2136 6 58
2137 6 58
2138 6 58
2139 6 58
2140 6 58
2141 6 58
2142 6 58
2143 6 58
2144 6 58
2145 6 58
2146 6 58
2147 6 58
2148 6 58
2149 6 58
2150 6 58
2151 6 58
2152 6 58
2153 6 58
2154 6 58
2155 6 58
2156 6 58
2157 6 58
2158 6 58
2159 6 58
2160 6 58
2161 6 58
2162 6 57
2163 6 57
2164 6 57
2165 6 57
2166 6 57
2167 6 57
2168 6 57
2169 6 57
2170 6 57
2171 6 57
2172 6 57
2173 6 57
2174 6 57
2175 6 57
2176 6 57
2177 6 57
2178 6 57
2179 6 57
2180 6 57
2181 6 57
2182 6 57
2183 6 57
2184 6 57
2185 6 57
2186 6 57
2187 6 57
2188 6 57
2189 6 57
2190 6 57
2191 6 57
2192 6 57
2193 6 57
2194 6 57
2195 6 57
2196 6 57
2197 6 57
2198 6 57
2199 6 57
2200 6 57
2201 6 57
2202 6 57
2203 6 57
2204 6 57
2205 6 57
2206 6 57
2207 6 57
2208 6 57
2209 6 57
2210 6 57
2211 6 56
2212 6 56
2213 6 56
2214 6 56
2215 6 56
2216 6 56
2217 6 56
2218 6 56
2219 6 56
2220 6 56
2221 6 56
2222 6 56
2223 6 56
2224 6 56
2225 6 56
2226 6 56
2227 6 56
2228 6 56
2229 6 56
2230 6 56
2231 6 56
2232 6 56
2233 6 56
2234 6 56
2235 6 56
2236 6 56
2237 6 56
2238 6 56
2239 6 57
2240 6 57
2241 6 57
2242 6 57
2243 6 57
2244 7 57
2245 7 57
2246 7 57
2247 7 57
2248 7 57
2249 7 57
2250 7 57
2251 7 57
2252 7 57
2253 7 57
2254 7 57
2255 7 57
2256 7 57
2257 7 57
2258 7 57
2259 7 57
2260 7 57
2261 7 57
2262 7 57
2263 7 57
2264 7 57
2265 7 57
2266 7 56
2267 7 56
2268 7 56
2269 7 56
2270 7 56
2271 7 56
2272 7 56
2273 7 56
2274 7 56
2275 7 56
2276 7 56
2277 7 56
2278 7 56
2279 7 56
2280 7 56
2281 7 56
2282 7 56
2283 7 56
2284 7 56
2285 7 56
2286 7 56
2287 7 56
2288 7 56
2289 7 56
2290 7 56
2291 7 56
2292 7 56
2293 7 56
2294 7 56
2295 7 56
2296 7 56
2297 7 56
2298 7 56
2299 7 56
2300 7 56
2301 7 56
2302 7 56
2303 7 56
2304 7 56
2305 7 56
2306 7 56
2307 7 56
2308 7 56
2309 7 56
2310 7 56
2311 7 56
2312 7 56
2313 7 56
2314 7 56
2315 7 56
2316 7 56
2317 7 56
2318 7 56
2319 7 56
2320 7 56
2321 7 55
2322 7 55
2323 7 55
2324 7 55
2325 7 55
2326 7 55
2327 7 55
2328 7 55
2329 7 55
2330 7 55
2331 7 55
2332 7 55
2333 7 55
2334 7 55
2335 7 55
2336 7 55
2337 7 55
2338 7 55
2339 7 55
2340 7 55
2341 7 55
2342 7 55
2343 7 55
2344 7 55
2345 7 55
2346 8 55
2347 8 55
2348 8 55
2349 8 55
2350 8 55
2351 8 55
2352 8 55
2353 8 55
2354 8 55
2355 8 55
2356 8 55
2357 8 55
2358 8 55
2359 8 55
2360 8 55
2361 8 55
2362 8 55
2363 8 55
2364 8 55
2365 8 55
2366 8 55
2367 8 55
2368 8 55
2369 8 55
2370 8 55
2371 8 55
2372 8 55
2373 8 55
2374 8 55
2375 8 55
2376 8 55
2377 8 55
2378 8 55
2379 8 55
2380 8 56
2381 8 56
2382 8 55
2383 8 55
2384 8 55
2385 8 55
2386 8 55
2387 8 55
2388 8 55
2389 8 55
2390 8 55
2391 8 55
2392 8 55
2393 8 55
2394 8 55
2395 8 55
2396 8 55
2397 8 55
2398 8 55
2399 8 55
2400 8 55
2401 8 55
2402 8 55
2403 8 55
2404 8 55
2405 8 55
2406 8 55
2407 8 55
2408 8 55
2409 8 55
2410 8 55
2411 8 55
2412 8 55
2413 8 55
2414 8 55
2415 8 55
2416 8 55
2417 8 55
2418 8 55
2419 8 55
2420 8 55
2421 8 55
2422 8 55
2423 8 55
2424 8 55
2425 8 55
2426 8 55
2427 8 55
2428 8 54
2429 8 54
2430 8 54
2431 8 54
2432 8 54
2433 8 54
2434 8 54
2435 8 54
2436 8 54
2437 8 54
2438 9 54
2439 9 54
2440 9 54
2441 9 54
2442 9 54
2443 9 54
2444 9 54
2445 9 54
2446 9 54
2447 9 54
2448 9 54
2449 9 54
2450 9 54
2451 9 54
2452 9 54
2453 9 54
2454 9 54
2455 9 54
2456 9 54
2457 9 53
2458 9 53
2459 9 53
2460 9 53
2461 9 53
2462 9 53
2463 9 53
2464 9 54
2465 9 53
2466 9 54
2467 9 53
2468 9 54
2469 9 53
2470 9 54
2471 9 54
2472 9 53
2473 9 54
2474 9 53
2475 9 53
2476 9 53
2477 9 53
2478 9 53
2479 9 53
2480 9 53
2481 9 53
2482 9 53
2483 9 53
2484 9 53
2485 9 53
2486 9 53
2487 9 53
2488 9 53
2489 9 53
2490 9 53
2491 9 53
2492 9 53
2493 9 53
2494 9 53
2495 9 53
2496 9 53
2497 9 53
2498 9 53
2499 9 53
2500 9 53
2501 10 53
2502 10 53
2503 10 53
2504 10 53
2505 10 53
2506 10 53
2507 10 53
2508 10 53
2509 10 53
2510 10 53
2511 10 53
2512 10 53
2513 10 53
2514 10 53
2515 10 53
2516 10 53
2517 10 53
2518 10 53
2519 10 53
2520 10 53
2521 10 53
2522 10 53
2523 10 53
2524 10 53
2525 10 53
2526 10 53
2527 10 52
2528 10 52
2529 10 53
2530 10 53
2531 10 53
2532 10 53
2533 10 53
2534 10 53
2535 10 53
2536 10 53
2537 10 53
2538 10 53
2539 10 53
2540 10 52
2541 10 52
2542 10 52
2543 10 52
2544 10 52
2545 10 52
2546 10 52
2547 10 52
2548 10 52
2549 10 52
2550 10 52
2551 10 52
2552 10 52
2553 10 52
2554 10 52
2555 10 52
2556 10 52
2557 10 52
2558 10 52
2559 10 52
2560 10 52
2561 10 52
2562 10 52
2563 10 52
2564 10 52
2565 10 52
2566 10 52
2567 10 52
2568 10 52
2569 10 52
2570 10 52
2571 10 52
2572 10 52
2573 10 52
2574 10 52
2575 10 52
2576 10 52
2577 11 52
2578 11 52
2579 11 52
2580 11 52
2581 11 52
2582 11 52
2583 11 52
2584 11 52
2585 11 52
2586 11 52
2587 11 52
2588 11 52
2589 11 52
2590 11 52
2591 11 52
2592 11 52
2593 11 52
2594 11 52
2595 11 52
2596 11 52
2597 11 52
2598 11 52
2599 11 52
2600 11 52
2601 11 52
2602 11 52
2603 11 52
2604 11 52
2605 11 52
2606 11 52
2607 11 52
2608 11 52
2609 11 52
2610 11 52
2611 11 52
2612 11 52
2613 11 52
2614 11 52
2615 11 52
2616 11 52
2617 11 52
2618 11 52
2619 11 52
2620 11 52
2621 11 52
2622 11 52
2623 11 52
2624 11 52
2625 11 52
2626 11 52
2627 11 52
2628 11 52
2629 11 52
2630 11 52
2631 11 52
2632 11 52
2633 11 52
2634 11 52
2635 11 51
2636 11 51
2637 12 51
2638 12 51
2639 12 51
2640 12 51
2641 12 51
2642 12 51
2643 12 51
2644 12 51
2645 12 51
2646 12 51
2647 12 51
2648 12 51
2649 12 51
2650 12 51
2651 12 51
2652 12 51
2653 12 51
2654 12 51
2655 12 51
2656 12 51
2657 12 51
2658 12 51
2659 12 51
2660 12 51
2661 12 51
2662 12 51
2663 12 51
2664 12 51
2665 12 50
2666 12 50
2667 12 50
2668 12 51
2669 12 51
2670 12 50
2671 12 50
2672 12 50
2673 12 50
2674 12 50
2675 12 50
2676 12 50
2677 12 50
2678 12 50
2679 12 50
2680 12 50
2681 12 50
2682 12 50
2683 12 50
2684 12 50
2685 13 50
2686 13 50
2687 13 50
2688 13 50
2689 13 50
2690 13 50
2691 13 50
2692 13 50
2693 13 50
2694 13 50
2695 13 50
2696 13 50
2697 13 50
2698 13 50
2699 13 50
2700 13 50
2701 13 50
2702 13 50
2703 13 50
2704 13 50
2705 13 50
2706 13 50
2707 13 50
2708 13 50
2709 13 50
2710 13 50
2711 13 50
2712 13 50
2713 13 50
2714 13 50
2715 13 50
2716 13 50
2717 13 50
2718 13 50
2719 13 50
2720 13 50
2721 13 50
2722 13 50
2723 13 50
2724 13 50
2725 13 50
2726 13 50
2727 13 50
2728 13 50
2729 13 50
2730 13 50
2731 13 50
2732 13 50
2733 13 50
2734 13 50
2735 13 50
2736 13 50
2737 13 50
2738 13 50
2739 13 50
2740 13 50
2741 13 50
2742 13 50
2743 13 50
2744 13 50
2745 13 50
2746 13 50
2747 13 50
2748 13 50
2749 13 50
2750 13 50
2751 13 50
2752 13 50
2753 13 50
2754 13 50
2755 13 50
2756 13 50
2757 13 50
2758 13 50
2759 13 50
2760 13 50
2761 14 50
2762 14 50
2763 14 50
2764 14 50
2765 14 50
2766 14 50
2767 14 50
2768 14 50
2769 14 50
2770 14 50
2771 14 50
2772 14 50
2773 14 50
2774 14 50
2775 14 50
2776 14 50
2777 14 50
2778 14 50
2779 14 50
2780 14 50
2781 14 50
2782 14 50
2783 14 50
2784 15 50
2785 15 50
2786 15 50
2787 15 50
2788 15 50
2789 15 50
2790 15 50
2791 15 50
2792 15 49
2793 15 49
2794 15 49
2795 15 49
2796 15 49
2797 15 49
2798 15 49
2799 15 49
2800 15 49
2801 15 49
2802 15 49
2803 15 49
2804 15 49
2805 15 49
2806 15 49
2807 15 49
2808 15 49
2809 15 49
2810 15 49
2811 15 49
2812 15 49
2813 15 49
2814 15 49
2815 15 49
2816 15 49
2817 15 49
2818 15 49
2819 15 49
2820 16 49
2821 16 49
2822 16 49
2823 16 49
2824 16 49
2825 16 49
2826 16 49
2827 16 49
2828 16 49
2829 16 48
2830 16 48
2831 16 48
2832 16 48
2833 16 48
2834 16 48
2835 16 48
2836 16 48
2837 16 48
2838 16 48
2839 17 48
2840 17 48
2841 17 48
2842 17 48
2843 17 48
2844 17 48
2845 17 48
2846 17 48
2847 17 48
2848 17 48
2849 17 48
2850 17 48
2851 17 48
2852 17 48
2853 17 48
2854 17 48
2855 17 48
2856 17 48
2857 17 48
2858 17 48
2859 17 48
2860 18 48
2861 18 48
2862 18 48
2863 18 48
2864 18 48
2865 18 48
2866 18 48
2867 18 48
2868 18 48
2869 18 48
2870 18 48
2871 18 48
2872 18 48
2873 18 48
2874 18 48
2875 18 48
2876 18 48
2877 18 48
2878 18 48
2879 18 48
2880 18 48
2881 18 48
2882 18 48
2883 18 48
2884 18 48
2885 18 48
2886 18 48
2887 18 47
2888 18 47
2889 18 47
2890 18 47
2891 18 47
2892 18 47
2893 18 47
2894 19 47
2895 19 47
2896 19 47
2897 19 47
2898 19 47
2899 19 47
2900 19 47
2901 19 47
2902 19 47
2903 19 47
2904 19 47
2905 19 47
2906 19 47
2907 19 47
2908 19 47
2909 19 47
2910 19 47
2911 19 47
2912 19 47
2913 20 47
2914 20 47
2915 20 47
2916 20 47
2917 20 47
2918 20 47
2919 20 47
2920 20 47
2921 20 47
2922 20 47
2923 20 47
2924 20 47
2925 20 47
2926 20 47
2927 20 47
2928 20 47
2929 20 47
2930 20 47
2931 20 47
2932 20 47
2933 20 47
2934 20 47
2935 20 47
2936 21 47
2937 21 47
2938 21 47
2939 21 47
2940 21 47
2941 21 47
2942 21 47
2943 21 47
2944 21 47
2945 21 47
2946 21 47
2947 21 47
2948 22 47
2949 22 47
2950 22 47
2951 22 47
2952 22 47
2953 22 47
2954 22 47
2955 22 47
2956 23 47
2957 23 47
2958 23 46
2959 23 46
2960 23 46
2961 23 46
2962 23 46
2963 23 46
2964 23 46
2965 23 46
2966 24 46
2967 24 46
2968 24 46
2969 24 46
2970 24 46
2971 24 46
2972 24 46
2973 24 46
2974 24 46
2975 24 46
2976 24 46
2977 24 46
2978 25 46
2979 25 46
2980 25 46
2981 25 46
2982 25 46
2983 25 46
2984 25 46
2985 25 46
2986 25 46
2987 25 46
2988 25 46
2989 25 46
2990 25 46
2991 25 46
2992 25 46
2993 25 46
2994 25 46
2995 25 46
2996 25 46
2997 25 46
2998 25 46
2999 25 46
3000 25 46
3001 25 46
3002 25 46
3003 25 46
3004 25 46
3005 25 46
3006 26 45
3007 26 45
3008 26 45
3009 26 45
3010 26 45
3011 26 45
3012 26 45
3013 26 45
3014 26 45
3015 26 45
3016 26 45
3017 26 45
3018 26 45
3019 26 45
3020 26 45
3021 26 45
3022 26 45
3023 26 45
3024 26 45
3025 26 45
3026 26 45
3027 26 45
3028 26 45
3029 26 45
3030 26 45
3031 26 45
3032 27 45
3033 27 45
3034 27 45
3035 27 45
3036 27 45
3037 27 45
3038 27 45
3039 27 45
3040 27 45
3041 27 45
3042 27 45
3043 27 45
3044 27 45
3045 27 45
3046 27 45
3047 27 45
3048 27 45
3049 27 45
3050 27 45
3051 27 45
3052 27 45
3053 27 45
3054 27 45
3055 27 45
3056 27 45
3057 27 45
3058 27 45
3059 27 45
3060 27 45
3061 27 45
3062 27 45
3063 27 45
3064 27 45
3065 28 45
3066 28 45
3067 28 45
3068 28 45
3069 28 45
3070 28 45
3071 29 45
3072 29 45
3073 29 45
3074 29 45
3075 29 45
3076 29 45
3077 29 45
3078 29 45
3079 29 45
3080 29 45
3081 30 45
3082 31 45
3083 31 45
3084 31 45
3085 31 45
3086 31 45
3087 31 45
3088 32 45
3089 32 45
3090 32 45
3091 32 44
3092 33 44
3093 33 44
3094 33 44
3095 33 44
3096 33 44
3097 34 44
3098 34 44
3099 34 44
3100 35 44
3101 35 44
3102 35 44
3103 36 44
3104 36 44
3105 36 44
3106 36 44
3107 36 44
3108 36 44
3109 36 44
3110 37 44
3111 37 44
3112 37 44
3113 37 44
3114 37 44
3115 37 44
3116 37 44
3117 37 44
3118 37 44
3119 37 44
3120 38 44
3121 38 44
3122 38 44
3123 39 44
3124 40 44
3125 41 44
3126 41 44
3127 41 44
3128 41 44
3129 41 44
3130 41 44
3131 41 44
3132 41 44
3133 41 44
3134 41 44
3135 41 43
3136 41 43
3137 41 43
3138 41 43
3139 41 43
3140 41 43
3141 41 43
3142 42 43
3143 42 43
3144 42 43
3145 42 43
3146 43 43
3147 43 43
3148 43 43
3149 44 43
3150 44 43
3151 44 43
3152 44 43
3153 45 43
3154 45 43
3155 45 43
3156 45 43
3157 45 43
3158 45 43
3159 45 43
3160 45 43
3161 46 43
3162 46 43
3163 47 43
3164 47 43
3165 47 43
3166 47 43
3167 47 43
3168 47 43
3169 47 43
3170 47 43
3171 47 43
3172 47 43
3173 47 43
3174 47 43
3175 47 43
3176 47 43
3177 47 42
3178 47 42
3179 47 42
3180 47 42
3181 47 42
3182 47 42
3183 47 42
3184 47 42
3185 47 42
3186 47 42
3187 47 42
3188 47 42
3189 47 42
3190 47 42
3191 47 42
3192 47 42
3193 47 42
3194 47 42
3195 47 42
3196 47 42
3197 47 42
3198 47 42
3199 47 42
3200 47 42
3201 48 42
3202 48 42
3203 48 42
3204 49 42
3205 49 42
3206 49 42
3207 50 42
3208 50 42
3209 50 42
3210 50 42
3211 51 42
3212 51 42
3213 51 42
3214 51 42
3215 51 42
3216 51 42
3217 51 42
3218 52 42
3219 53 42
3220 53 42
3221 53 42
3222 53 42
3223 53 42
3224 53 42
3225 53 42
3226 53 42
3227 54 42
3228 54 42
3229 55 41
3230 55 41
3231 55 41
3232 55 41
3233 56 41
3234 56 41
3235 57 41
3236 57 41
3237 57 41
3238 57 41
3239 57 41
3240 57 41
3241 58 41
3242 59 41
3243 60 41
3244 60 41
3245 60 41
3246 60 41
3247 63 41
3248 63 41
3249 64 41
3250 64 41
3251 65 41
3252 67 41
3253 68 41
3254 68 41
3255 69 41
3256 69 41
3257 71 41
3258 71 41
3259 72 41
3260 72 41
3261 72 41
3262 72 41
3263 73 41
3264 73 41
3265 73 41
3266 74 41
3267 74 41
3268 74 41
3269 74 41
3270 75 41
3271 77 41
3272 78 41
3273 81 41
3274 83 41
3275 83 41
3276 83 41
3277 83 41
3278 83 41
3279 83 41
3280 83 41
3281 83 41
3282 83 41
3283 83 41
3284 84 41
3285 95 41
3286 95 41
3287 95 41
3288 95 41
3289 95 40
3290 95 40
3291 95 40
3292 95 40
3293 95 40
3294 95 40
3295 95 40
3296 95 40
3297 95 40
3298 95 40
3299 95 40
3300 95 40
3301 95 40
3302 95 40
3303 95 40
3304 95 40
3305 95 40
3306 95 40
3307 95 40
3308 95 40
3309 95 40
3310 95 40
3311 95 40
3312 95 40
3313 95 40
3314 95 40
3315 95 40
3316 95 40
3317 95 40
3318 96 40
3319 100 40
