0 0 0
1 0 0
2 0 0
3 0 0
4 0 0
5 0 0
6 0 0
7 0 0
8 0 0
9 0 0
10 0 0
11 0 0
12 0 0
13 0 0
14 0 0
15 0 0
16 0 0
17 0 0
18 0 0
19 0 0
20 0 0
21 0 0
22 0 0
23 0 0
24 0 0
25 0 0
26 0 0
27 0 0
28 0 0
29 0 0
30 0 0
31 0 0
32 0 0
33 0 0
34 0 0
35 0 0
36 0 0
37 0 0
38 0 0
39 0 0
40 0 0
41 0 0
42 0 0
43 0 0
44 0 0
45 0 0
46 0 0
47 0 0
48 0 0
49 0 0
50 0 0
51 0 0
52 0 0
53 0 0
54 0 0
55 0 0
56 0 0
57 0 0
58 0 0
59 0 0
60 0 0
61 0 0
62 0 0
63 0 0
64 0 0
65 0 0
66 0 0
67 0 0
68 0 0
69 0 0
70 0 0
71 0 0
72 0 0
73 0 0
74 0 0
75 0 0
76 0 0
77 0 0
78 0 0
79 0 0
80 0 0
81 0 0
82 0 0
83 0 0
84 0 0
85 0 0
86 0 0
87 0 0
88 0 0
89 0 0
90 0 0
91 0 0
92 0 0
93 0 0
94 0 0
95 0 0
96 0 0
97 0 0
98 0 0
99 0 0
100 0 0
101 0 0
102 0 0
103 0 0
104 0 0
105 0 0
106 0 0
107 0 0
108 0 0
109 0 0
110 0 0
111 0 0
112 0 0
113 0 0
114 0 0
115 0 0
116 0 0
117 0 0
118 0 0
119 0 0
120 0 0
121 0 0
122 0 0
123 0 0
124 0 0
125 0 0
126 0 0
127 0 0
128 0 0
129 0 0
130 0 0
131 0 0
132 0 0
133 0 0
134 0 0
135 0 0
136 0 0
137 0 0
138 0 0
139 0 0
140 0 0
141 0 0
142 0 0
143 0 0
144 0 0
145 0 0
146 0 0
147 0 0
148 0 0
149 0 0
150 0 0
151 0 0
152 0 0
153 0 0
154 0 0
155 0 0
156 0 0
157 0 0
158 0 0
159 0 0
160 0 0
161 0 0
162 0 0
163 0 0
164 0 0
165 0 0
166 0 0
167 0 0
168 0 0
169 0 0
170 0 0
171 0 0
172 0 0
173 0 0
174 0 0
175 0 0
176 0 0
177 0 0
178 0 0
179 0 0
180 0 0
181 0 0
182 0 0
183 0 0
184 0 0
185 0 0
186 0 0
187 0 0
188 0 0
189 0 0
190 0 0
191 0 0
192 0 0
193 0 0
194 0 0
195 0 0
196 0 0
197 0 0
198 0 0
199 0 0
200 0 0
201 0 0
202 0 0
203 0 0
204 0 0
205 0 0
206 0 0
207 0 0
208 0 0
209 0 0
210 0 0
211 0 0
212 0 0
213 0 0
214 0 0
215 0 0
216 0 0
217 0 0
218 0 0
219 0 0
220 0 0
221 0 0
222 0 0
223 0 0
224 0 0
225 0 0
226 0 0
227 0 0
228 0 0
229 0 0
230 0 0
231 0 0
232 0 0
233 0 0
234 0 0
235 0 0
236 0 0
237 0 0
238 0 0
239 0 0
240 0 0
241 0 0
242 0 0
243 0 0
244 0 0
245 0 0
246 0 0
247 0 0
248 0 0
249 0 0
250 0 0
251 0 0
252 0 0
253 0 0
254 0 0
255 0 0
256 0 0
257 0 0
258 0 0
259 0 0
260 0 0
261 0 0
262 0 0
263 0 0
264 0 0
265 0 0
266 0 0
267 0 0
268 0 0
269 0 0
270 0 0
271 0 0
272 0 0
273 0 0
274 0 0
275 0 0
276 0 0
277 0 0
278 0 0
279 0 0
280 0 0
281 0 0
282 0 0
283 0 0
284 0 0
285 0 0
286 0 0
287 0 0
288 0 0
289 0 0
290 0 0
291 0 0
292 0 0
293 0 0
294 0 0
295 0 0
296 0 0
297 0 0
298 0 0
299 0 0
300 0 0
301 0 0
302 0 0
303 0 0
304 0 0
305 0 0
306 0 0
307 0 0
308 0 0
309 0 0
310 0 0
311 0 0
312 0 0
313 0 0
314 0 0
315 0 0
316 0 0
317 0 0
318 0 0
319 0 0
320 0 0
321 0 0
322 0 0
323 0 0
324 0 0
325 0 0
326 0 0
327 0 0
328 0 0
329 0 0
330 0 0
331 0 0
332 0 0
333 0 0
334 0 0
335 0 0
336 0 0
337 0 0
338 0 0
339 0 0
340 0 0
341 0 0
342 0 0
343 0 0
344 0 0
345 0 1
346 0 1
347 0 1
348 0 1
349 0 1
350 0 1
351 0 1
352 0 1
353 0 1
354 0 1
355 0 1
356 0 1
357 0 1
358 0 1
359 0 1
360 0 1
361 0 1
362 0 1
363 0 0
364 0 0
365 0 0
366 0 0
367 0 0
368 0 0
369 0 0
370 0 0
371 0 0
372 0 0
373 0 0
374 0 0
375 0 0
376 0 0
377 0 0
378 0 0
379 0 0
380 0 0
381 0 0
382 0 0
383 0 0
384 0 0
385 0 0
386 0 0
387 0 0
388 0 0
389 0 0
390 0 0
391 0 0
392 0 0
393 0 0
394 0 0
395 0 0
396 0 0
397 0 0
398 0 0
399 0 0
400 0 0
401 0 0
402 0 0
403 0 0
404 0 0
405 0 0
406 0 0
407 0 0
408 0 0
409 0 0
410 0 0
411 0 0
412 0 0
413 0 1
414 0 1
415 0 1
416 0 1
417 0 1
418 0 1
419 0 1
420 0 1
421 0 1
422 0 1
423 0 1
424 0 1
425 0 1
426 0 1
427 0 1
428 0 1
429 0 1
430 0 1
431 0 1
432 0 1
433 0 1
434 0 1
435 0 1
436 0 1
437 0 1
438 0 1
439 0 1
440 0 1
441 0 1
442 0 1
443 0 1
444 0 1
445 0 1
446 0 1
447 0 1
448 0 1
449 0 1
450 0 1
451 0 1
452 0 1
453 0 1
454 0 1
455 0 1
456 0 1
457 0 1
458 0 1
459 0 1
460 0 1
461 0 1
462 0 1
463 0 1
464 0 1
465 0 1
466 0 1
467 0 1
468 0 1
469 0 1
470 0 1
471 0 1
472 0 1
473 1 1
474 1 1
475 1 1
476 1 1
477 1 1
478 1 1
479 1 1
480 1 1
481 1 1
482 1 1
483 1 1
484 1 1
485 1 1
486 1 1
487 1 1
488 1 1
489 1 1
490 1 1
491 1 1
492 1 1
493 1 1
494 1 1
495 1 1
496 1 1
497 1 1
498 1 1
499 1 1
500 1 1
501 1 1
502 1 1
503 1 1
504 1 1
505 1 1
506 1 1
507 1 1
508 1 1
509 1 1
510 1 1
511 1 1
512 1 1
513 1 1
514 1 1
515 1 1
516 1 1
517 1 1
518 1 1
519 1 1
520 1 1
521 1 1
522 1 1
523 1 1
524 1 1
525 1 1
526 1 1
527 1 1
528 1 1
529 1 1
530 1 1
531 1 1
532 1 1
533 1 1
534 1 1
535 1 1
536 1 1
537 1 1
538 1 1
539 1 1
540 1 1
541 1 1
542 1 1
543 1 1
544 1 1
545 1 1
546 1 1
547 1 1
548 1 1
549 1 1
550 1 1
551 1 1
552 1 1
553 1 1
554 1 1
555 1 1
556 1 1
557 1 1
558 1 1
559 1 1
560 1 1
561 1 1
562 1 1
563 1 1
564 1 1
565 1 1
566 1 1
567 1 1
568 1 1
569 1 1
570 1 1
571 1 1
572 1 0
573 1 0
574 1 0
575 1 0
576 1 0
577 1 0
578 1 0
579 1 0
580 1 0
581 1 0
582 1 0
583 1 0
584 1 0
585 1 0
586 1 0
587 1 0
588 1 0
589 1 0
590 1 0
591 1 0
592 1 0
593 1 0
594 1 0
595 1 0
596 1 0
597 1 0
598 1 0
599 1 0
600 1 0
601 1 0
602 1 0
603 1 0
604 1 0
605 1 0
606 1 0
607 1 0
608 1 0
609 1 0
610 1 0
611 1 0
612 1 0
613 1 0
614 1 0
615 1 0
616 1 0
617 1 0
618 1 0
619 1 0
620 1 0
621 1 0
622 1 0
623 1 0
624 1 0
625 1 0
626 1 0
627 1 0
628 1 0
629 1 0
630 1 0
631 1 0
632 1 0
633 1 0
634 1 0
635 1 0
636 1 0
637 1 0
638 1 0
639 1 0
640 1 0
641 1 0
642 1 0
643 1 0
644 1 0
645 1 0
646 1 0
647 1 0
648 1 0
649 1 0
650 1 0
651 1 0
652 1 0
653 1 0
654 1 0
655 1 0
656 1 0
657 1 0
658 1 0
659 1 0
660 1 0
661 1 0
662 1 0
663 1 0
664 1 0
665 1 0
666 1 0
667 1 0
668 1 0
669 1 0
670 1 0
671 1 0
672 1 0
673 1 0
674 1 0
675 1 0
676 1 0
677 1 0
678 1 0
679 1 0
680 1 0
681 1 0
682 1 0
683 1 0
684 1 0
685 1 0
686 1 0
687 1 0
688 1 0
689 1 0
690 1 0
691 1 0
692 1 0
693 1 0
694 1 0
695 1 0
696 1 0
697 1 0
698 1 0
699 1 0
700 1 0
701 1 0
702 1 0
703 1 0
704 1 0
705 1 0
706 1 0
707 1 0
708 1 0
709 1 0
710 1 0
711 1 0
712 1 0
713 1 0
714 1 0
715 1 0
716 1 0
717 1 0
718 1 0
719 1 0
720 1 0
721 1 0
722 1 0
723 1 0
724 1 0
725 1 0
726 1 0
727 1 0
728 1 0
729 1 0
730 1 0
731 1 0
732 1 0
733 1 0
734 1 0
735 1 0
736 1 0
737 1 0
738 1 0
739 1 0
740 1 0
741 1 0
742 1 0
743 1 0
744 1 0
745 1 0
746 1 0
747 1 0
748 1 0
749 1 0
750 1 0
751 1 0
752 1 0
753 1 0
754 1 0
755 1 0
756 1 0
757 1 0
758 1 0
759 1 0
760 1 0
761 1 0
762 1 0
763 1 0
764 1 0
765 1 0
766 1 0
767 1 0
768 1 0
769 1 0
770 1 0
771 1 0
772 1 0
773 1 0
774 1 0
775 1 0
776 1 0
777 1 0
778 1 0
779 1 0
780 1 0
781 1 0
782 1 0
783 1 0
784 1 0
785 1 0
786 1 0
787 1 0
788 1 0
789 1 0
790 1 0
791 1 0
792 1 0
793 1 0
794 1 0
795 1 0
796 1 0
797 1 0
798 1 0
799 1 0
800 1 0
801 1 0
802 1 0
803 1 0
804 1 0
805 1 0
806 1 0
807 1 0
808 1 0
809 1 0
810 1 0
811 1 0
812 1 0
813 1 0
814 1 0
815 1 0
816 1 0
817 1 0
818 1 0
819 1 0
820 1 0
821 1 0
822 1 0
823 2 0
824 2 0
825 2 0
826 2 0
827 2 0
828 2 0
829 2 0
830 2 0
831 2 0
832 2 0
833 2 0
834 2 0
835 2 0
836 2 0
837 2 0
838 2 0
839 2 0
840 2 0
841 2 0
842 2 0
843 2 0
844 2 0
845 2 0
846 2 0
847 2 0
848 2 0
849 2 0
850 2 0
851 2 0
852 2 0
853 2 0
854 2 0
855 2 0
856 2 0
857 2 0
858 2 0
859 2 0
860 2 0
861 2 0
862 2 0
863 2 0
864 2 0
865 2 0
866 2 0
867 2 0
868 2 0
869 2 0
870 2 0
871 2 0
872 2 0
873 2 0
874 2 0
875 2 0
876 2 0
877 2 0
878 2 0
879 2 0
880 2 0
881 2 0
882 2 0
883 2 0
884 2 0
885 2 0
886 2 0
887 2 0
888 2 0
889 2 0
890 2 0
891 2 0
892 2 0
893 2 0
894 2 0
895 2 0
896 2 0
897 2 0
898 2 0
899 2 0
900 2 0
901 2 0
902 2 0
903 2 0
904 2 0
905 2 0
906 2 0
907 2 0
908 2 0
909 2 0
910 2 0
911 2 0
912 2 0
913 2 0
914 2 0
915 2 0
916 2 0
917 2 0
918 2 0
919 2 0
920 2 0
921 2 0
922 2 0
923 2 0
924 2 0
925 2 0
926 2 0
927 2 0
928 2 0
929 2 0
930 2 0
931 2 0
932 2 0
933 2 0
934 2 0
935 2 0
936 2 0
937 2 0
938 2 0
939 2 0
940 2 0
941 2 0
942 2 0
943 2 0
944 2 0
945 2 0
946 2 0
947 2 0
948 2 0
949 2 0
950 2 0
951 2 0
952 2 0
953 2 0
954 2 0
955 2 0
956 2 0
957 2 0
958 2 0
959 2 0
960 2 0
961 2 0
962 2 0
963 2 0
964 2 0
965 2 0
966 2 0
967 2 0
968 2 0
969 2 0
970 2 0
971 2 0
972 2 0
973 2 0
974 2 0
975 2 0
976 2 0
977 2 0
978 2 0
979 2 0
980 2 0
981 2 0
982 2 0
983 2 0
984 2 0
985 2 0
986 2 0
987 2 0
988 2 0
989 2 0
990 3 0
991 3 0
992 3 0
993 3 0
994 3 0
995 3 0
996 3 0
997 3 0
998 3 0
999 3 0
1000 3 0
1001 3 0
1002 3 0
1003 3 0
1004 3 0
1005 3 0
1006 3 0
1007 3 0
1008 3 0
1009 3 0
1010 3 0
1011 3 0
1012 3 0
1013 3 0
1014 3 0
1015 3 0
1016 3 0
1017 3 0
1018 3 0
1019 3 0
1020 3 0
1021 3 0
1022 3 0
1023 3 0
1024 3 0
1025 3 0
1026 3 0
1027 3 0
1028 3 0
1029 3 0
1030 3 0
1031 3 0
1032 3 0
1033 3 0
1034 3 0
1035 3 0
1036 3 0
1037 3 0
1038 3 0
1039 3 0
1040 3 0
1041 3 0
1042 3 0
1043 3 0
1044 3 0
1045 3 0
1046 3 0
1047 3 0
1048 3 0
1049 3 0
1050 3 0
1051 3 0
1052 3 0
1053 3 0
1054 3 0
1055 3 0
1056 3 0
1057 3 0
1058 3 0
1059 3 0
1060 3 0
1061 3 0
1062 3 0
1063 3 0
1064 3 0
1065 3 0
1066 3 0
1067 3 0
1068 3 0
1069 3 0
1070 3 0
1071 3 0
1072 3 0
1073 3 0
1074 3 0
1075 3 0
1076 3 0
1077 3 0
1078 3 0
1079 3 0
1080 3 0
1081 3 0
1082 3 0
1083 3 0
1084 3 0
1085 3 0
1086 3 0
1087 3 0
1088 3 0
1089 3 0
1090 3 0
1091 3 0
1092 3 0
1093 3 0
1094 3 0
1095 3 0
1096 3 0
1097 3 0
1098 3 0
1099 3 0
1100 3 0
1101 3 0
1102 3 0
1103 3 0
1104 3 0
1105 3 0
1106 3 0
1107 3 0
1108 3 0
1109 3 0
1110 3 0
1111 3 0
1112 3 0
1113 3 0
1114 3 0
1115 3 0
1116 3 0
1117 3 0
1118 3 0
1119 3 0
1120 3 0
1121 3 0
1122 3 0
1123 3 0
1124 3 0
1125 4 0
1126 4 0
1127 4 0
1128 4 0
1129 4 0
1130 4 0
1131 4 0
1132 4 0
1133 4 0
1134 4 0
1135 4 0
1136 4 0
1137 4 0
1138 4 1
1139 4 1
1140 4 1
1141 4 1
1142 4 1
1143 4 1
1144 4 1
1145 4 1
1146 4 1
1147 4 1
1148 4 1
1149 4 1
1150 4 1
1151 4 1
1152 4 1
1153 4 1
1154 4 1
1155 4 1
1156 4 1
1157 4 1
1158 4 1
1159 4 1
1160 4 1
1161 4 1
1162 4 1
1163 4 1
1164 4 1
1165 4 1
1166 4 1
1167 4 1
1168 4 1
1169 4 1
1170 4 1
1171 4 1
1172 4 1
1173 4 1
1174 4 1
1175 4 1
1176 4 1
1177 4 1
1178 4 1
1179 4 1
1180 4 1
1181 4 1
1182 4 1
1183 4 1
1184 4 1
1185 4 1
1186 4 1
1187 4 1
1188 4 1
1189 4 1
1190 4 1
1191 4 1
1192 4 1
1193 4 1
1194 4 1
1195 4 1
1196 4 1
1197 4 1
1198 4 1
1199 4 1
1200 4 1
1201 4 1
1202 4 1
1203 4 1
1204 4 1
1205 4 1
1206 5 1
1207 5 1
1208 5 1
1209 5 1
1210 5 1
1211 5 1
1212 5 1
1213 5 1
1214 5 1
1215 5 1
1216 5 1
1217 5 1
1218 5 1
1219 5 1
1220 5 1
1221 5 1
1222 5 1
1223 5 1
1224 5 1
1225 5 0
1226 5 0
1227 5 0
1228 5 0
1229 5 1
1230 5 1
1231 6 1
1232 6 1
1233 6 1
1234 6 1
1235 6 1
1236 6 1
1237 6 1
1238 6 1
1239 6 1
1240 6 1
1241 6 1
1242 6 1
1243 6 1
1244 6 1
1245 6 1
1246 6 1
1247 6 1
1248 6 1
1249 6 1
1250 6 1
1251 6 1
1252 6 1
1253 6 1
1254 6 1
1255 6 1
1256 6 1
1257 6 1
1258 6 1
1259 6 1
1260 6 1
1261 6 1
1262 6 1
1263 6 1
1264 6 1
1265 6 1
1266 6 1
1267 6 1
1268 7 1
1269 7 1
1270 7 1
1271 7 1
1272 7 1
1273 7 1
1274 7 1
1275 7 1
1276 7 1
1277 7 1
1278 7 1
1279 7 1
1280 7 1
1281 7 1
1282 7 1
1283 7 1
1284 7 1
1285 7 1
1286 7 1
1287 7 1
1288 7 1
1289 7 1
1290 7 1
1291 7 1
1292 7 1
1293 7 1
1294 7 1
1295 7 1
1296 7 1
1297 7 1
1298 7 1
1299 8 1
1300 8 1
1301 8 1
1302 8 1
1303 8 1
1304 8 1
1305 8 1
1306 8 1
1307 8 1
1308 8 1
1309 8 1
1310 8 1
1311 9 1
1312 9 1
1313 9 1
1314 9 1
1315 9 1
1316 9 1
1317 9 1
1318 9 1
1319 9 1
1320 9 1
1321 10 1
1322 10 1
1323 10 1
1324 10 1
1325 10 1
1326 11 1
1327 11 1
1328 11 1
1329 11 1
1330 11 2
1331 11 2
1332 12 2
1333 12 2
1334 12 2
1335 12 2
1336 12 2
1337 13 2
1338 13 2
1339 13 2
1340 13 2
1341 13 2
1342 14 2
1343 14 2
1344 14 2
1345 14 2
1346 14 2
1347 14 2
1348 14 2
1349 14 2
1350 16 2
1351 17 2
1352 17 3
1353 18 3
1354 18 3
1355 18 3
1356 18 3
1357 18 3
1358 18 3
1359 18 3
1360 18 3
1361 20 3
1362 22 3
1363 22 4
1364 24 4
1365 29 4
1366 29 4
1367 32 4
1368 34 4
1369 34 4
1370 36 4
1371 36 4
1372 36 4
1373 36 4
1374 39 4
1375 99 4
1376 99 4
1377 100 4
