0 0 0
1 0 0
2 0 0
3 0 0
4 0 0
5 0 0
6 0 0
7 0 0
8 0 0
9 0 0
10 0 0
11 0 0
12 0 0
13 0 0
14 0 0
15 0 0
16 0 0
17 0 0
18 0 0
19 0 0
20 0 0
21 0 0
22 0 0
23 0 0
24 0 0
25 0 0
26 0 0
27 0 0
28 0 0
29 0 0
30 0 0
31 0 0
32 0 0
33 0 0
34 0 0
35 0 0
36 0 0
37 0 0
38 0 0
39 0 0
40 0 0
41 0 0
42 0 0
43 0 0
44 0 0
45 0 0
46 0 0
47 0 0
48 0 0
49 0 0
50 0 0
51 0 0
52 0 0
53 0 0
54 0 0
55 0 0
56 0 0
57 0 0
58 0 0
59 0 0
60 0 0
61 0 0
62 0 0
63 0 0
64 0 0
65 0 0
66 0 0
67 0 0
68 0 0
69 0 0
70 0 0
71 0 0
72 0 0
73 0 0
74 0 0
75 0 0
76 0 0
77 0 0
78 0 0
79 0 0
80 0 0
81 0 0
82 0 0
83 0 0
84 0 0
85 0 0
86 0 0
87 0 0
88 0 0
89 0 0
90 0 0
91 0 0
92 0 0
93 0 0
94 0 0
95 0 0
96 0 0
97 0 0
98 0 0
99 0 0
100 0 0
101 0 0
102 0 0
103 0 0
104 0 0
105 0 0
106 0 0
107 0 0
108 0 0
109 0 0
110 0 0
111 0 0
112 0 0
113 0 0
114 0 0
115 0 0
116 0 0
117 0 0
118 0 0
119 0 0
120 0 0
121 0 0
122 0 0
123 0 0
124 0 0
125 0 0
126 0 0
127 0 0
128 0 0
129 0 0
130 0 0
131 0 0
132 0 0
133 0 0
134 0 0
135 0 0
136 0 0
137 0 0
138 0 0
139 0 0
140 0 0
141 0 0
142 0 0
143 0 0
144 0 0
145 0 0
146 0 0
147 0 0
148 0 0
149 0 0
150 0 0
151 0 0
152 0 0
153 0 0
154 0 0
155 0 0
156 0 0
157 0 0
158 0 0
159 0 0
160 0 0
161 0 0
162 0 0
163 0 0
164 0 0
165 0 0
166 0 0
167 0 0
168 0 0
169 0 0
170 0 0
171 0 0
172 0 0
173 0 0
174 0 0
175 0 0
176 0 0
177 0 0
178 0 0
179 0 0
180 0 0
181 0 0
182 0 0
183 0 0
184 0 0
185 0 0
186 0 0
187 0 0
188 0 0
189 0 0
190 0 0
191 0 0
192 0 0
193 0 0
194 0 0
195 0 0
196 0 0
197 0 0
198 0 0
199 0 0
200 0 0
201 0 0
202 0 0
203 0 0
204 0 0
205 0 0
206 0 0
207 0 0
208 0 0
209 0 0
210 0 0
211 0 0
212 0 0
213 0 0
214 0 0
215 0 0
216 0 0
217 0 0
218 0 0
219 0 0
220 0 0
221 0 0
222 0 0
223 0 0
224 0 0
225 0 0
226 0 0
227 0 0
228 0 0
229 0 0
230 0 0
231 0 0
232 0 0
233 0 0
234 0 0
235 0 0
236 0 0
237 0 0
238 0 0
239 0 0
240 0 0
241 0 0
242 0 1
243 0 1
244 0 1
245 0 1
246 0 1
247 0 1
248 0 1
249 0 1
250 0 1
251 0 1
252 0 1
253 0 1
254 0 1
255 0 1
256 0 1
257 0 1
258 0 1
259 0 1
260 0 1
261 0 1
262 0 1
263 0 1
264 0 1
265 0 1
266 0 1
267 0 1
268 0 1
269 0 3
270 0 5
271 0 5
272 0 5
273 0 5
274 0 5
275 0 5
276 0 5
277 0 5
278 0 4
279 0 4
280 0 4
281 0 4
282 0 4
283 0 4
284 0 4
285 0 4
286 0 4
287 0 4
288 0 4
289 0 4
290 0 4
291 0 4
292 0 4
293 0 4
294 0 4
295 0 4
296 0 4
297 0 4
298 0 4
299 0 4
300 0 4
301 0 4
302 0 4
303 0 4
304 0 4
305 0 4
306 0 4
307 0 4
308 0 4
309 0 4
310 0 4
311 0 4
312 0 4
313 0 4
314 0 4
315 0 4
316 0 4
317 0 4
318 0 4
319 0 3
320 0 3
321 0 3
322 0 3
323 0 3
324 0 3
325 0 3
326 0 3
327 0 3
328 0 3
329 0 3
330 0 3
331 0 3
332 0 3
333 0 3
334 0 3
335 0 3
336 0 3
337 0 3
338 0 3
339 0 3
340 0 3
341 0 3
342 0 3
343 0 3
344 0 3
345 0 4
346 0 4
347 0 4
348 0 4
349 0 4
350 0 4
351 0 4
352 0 4
353 0 4
354 0 4
355 0 4
356 0 4
357 0 4
358 0 4
359 0 4
360 0 4
361 0 4
362 0 4
363 0 3
364 0 3
365 0 3
366 0 3
367 0 4
368 0 4
369 0 4
370 0 4
371 0 4
372 0 4
373 0 4
374 0 4
375 0 4
376 0 4
377 0 4
378 0 4
379 0 4
380 0 4
381 0 4
382 0 4
383 0 4
384 0 4
385 0 4
386 0 4
387 0 4
388 0 4
389 0 4
390 0 4
391 0 4
392 0 4
393 0 4
394 0 4
395 0 4
396 0 4
397 0 4
398 0 4
399 0 4
400 0 4
401 0 4
402 0 4
403 0 4
404 0 4
405 0 4
406 0 4
407 0 4
408 0 4
409 0 4
410 0 4
411 0 4
412 0 4
413 0 4
414 0 4
415 0 4
416 0 4
417 0 4
418 0 4
419 0 4
420 0 4
421 0 4
422 0 4
423 0 4
424 0 4
425 0 4
426 0 4
427 0 4
428 0 4
429 0 4
430 0 4
431 0 4
432 0 4
433 0 5
434 0 5
435 0 6
436 0 6
437 0 6
438 0 6
439 0 6
440 0 6
441 0 6
442 0 6
443 0 6
444 0 6
445 0 6
446 0 6
447 0 6
448 0 6
449 0 5
450 0 5
451 0 5
452 0 5
453 0 5
454 0 5
455 0 5
456 0 5
457 0 5
458 0 5
459 0 5
460 0 5
461 0 5
462 0 5
463 0 5
464 0 5
465 0 5
466 0 5
467 0 5
468 0 6
469 0 6
470 0 6
471 0 6
472 0 6
473 1 6
474 1 6
475 1 6
476 1 6
477 1 6
478 1 6
479 1 6
480 1 6
481 1 5
482 1 5
483 1 6
484 1 6
485 1 7
486 1 7
487 1 7
488 1 7
489 1 7
490 1 7
491 1 8
492 1 8
493 1 8
494 1 8
495 1 8
496 1 8
497 1 8
498 1 7
499 1 7
500 1 7
501 1 7
502 1 7
503 1 7
504 1 7
505 1 7
506 1 7
507 1 7
508 1 7
509 1 7
510 1 7
511 1 7
512 1 7
513 1 7
514 1 7
515 1 7
516 1 7
517 1 7
518 1 7
519 1 7
520 1 7
521 1 7
522 1 7
523 1 7
524 1 7
525 1 7
526 1 7
527 1 7
528 1 7
529 1 7
530 1 7
531 1 7
532 1 7
533 1 7
534 1 7
535 1 7
536 1 7
537 1 7
538 1 7
539 1 7
540 1 7
541 1 7
542 1 8
543 1 8
544 1 8
545 1 8
546 1 8
547 1 8
548 1 8
549 1 8
550 1 8
551 1 8
552 1 7
553 1 7
554 1 7
555 1 7
556 1 7
557 1 7
558 1 7
559 1 7
560 1 7
561 1 7
562 1 7
563 1 7
564 1 7
565 1 7
566 1 7
567 1 7
568 1 7
569 1 7
570 1 8
571 1 8
572 1 7
573 1 7
574 1 7
575 1 7
576 1 7
577 1 7
578 1 7
579 1 7
580 1 7
581 1 7
582 1 7
583 1 7
584 1 7
585 1 7
586 1 7
587 1 7
588 1 7
589 1 7
590 1 7
591 1 7
592 1 7
593 1 7
594 1 7
595 1 7
596 1 7
597 1 7
598 1 7
599 1 7
600 1 7
601 1 7
602 1 7
603 1 7
604 1 7
605 1 7
606 1 7
607 1 7
608 1 7
609 1 7
610 1 7
611 1 7
612 1 7
613 1 7
614 1 7
615 1 7
616 1 7
617 1 7
618 1 7
619 1 7
620 1 7
621 1 7
622 1 7
623 1 7
624 1 7
625 1 7
626 1 7
627 1 7
628 1 7
629 1 7
630 1 7
631 1 7
632 1 7
633 1 7
634 1 7
635 1 7
636 1 8
637 1 8
638 1 8
639 1 8
640 1 8
641 1 8
642 1 8
643 1 8
644 1 8
645 1 7
646 1 7
647 1 7
648 1 7
649 1 7
650 1 7
651 1 7
652 1 7
653 1 8
654 1 8
655 1 8
656 1 8
657 1 8
658 1 8
659 1 8
660 1 8
661 1 8
662 1 8
663 1 8
664 1 8
665 1 8
666 1 8
667 1 8
668 1 8
669 1 8
670 1 8
671 1 8
672 1 8
673 1 9
674 1 9
675 1 9
676 1 8
677 1 8
678 1 8
679 1 8
680 1 9
681 1 9
682 1 9
683 1 9
684 1 9
685 1 9
686 1 9
687 1 9
688 1 9
689 1 9
690 1 9
691 1 9
692 1 9
693 1 9
694 1 9
695 1 9
696 1 9
697 1 9
698 1 9
699 1 9
700 1 9
701 1 9
702 1 9
703 1 9
704 1 9
705 1 9
706 1 9
707 1 9
708 1 9
709 1 9
710 1 9
711 1 9
712 1 9
713 1 9
714 1 9
715 1 9
716 1 9
717 1 9
718 1 9
719 1 9
720 1 9
721 1 9
722 1 9
723 1 9
724 1 9
725 1 9
726 1 9
727 1 9
728 1 9
729 1 9
730 1 9
731 1 9
732 1 9
733 1 10
734 1 10
735 1 10
736 1 10
737 1 10
738 1 10
739 1 10
740 1 10
741 1 10
742 1 10
743 1 10
744 1 10
745 1 10
746 1 10
747 1 10
748 1 10
749 1 10
750 1 10
751 1 10
752 1 10
753 1 10
754 1 11
755 1 11
756 1 11
757 1 11
758 1 11
759 1 11
760 1 11
761 1 11
762 1 11
763 1 11
764 1 11
765 1 11
766 1 12
767 1 12
768 1 12
769 1 12
770 1 12
771 1 12
772 1 12
773 1 12
774 1 12
775 1 12
776 1 12
777 1 12
778 1 12
779 1 12
780 1 12
781 1 12
782 1 12
783 1 12
784 1 12
785 1 12
786 1 13
787 1 13
788 1 13
789 1 13
790 1 13
791 1 14
792 1 14
793 1 14
794 1 14
795 1 14
796 1 14
797 1 14
798 1 14
799 1 14
800 1 14
801 1 14
802 1 14
803 1 14
804 1 14
805 1 14
806 1 14
807 1 14
808 1 14
809 1 14
810 1 14
811 1 15
812 1 15
813 1 15
814 1 15
815 1 15
816 1 15
817 1 16
818 1 16
819 1 16
820 1 16
821 1 16
822 1 16
823 2 16
824 2 16
825 2 16
826 2 16
827 2 17
828 2 17
829 2 17
830 2 17
831 2 17
832 2 17
833 2 17
834 2 17
835 2 18
836 2 18
837 2 18
838 2 18
839 2 18
840 2 18
841 2 18
842 2 18
843 2 18
844 2 18
845 2 19
846 2 18
847 2 18
848 2 18
849 2 18
850 2 18
851 2 19
852 2 19
853 2 19
854 2 19
855 2 19
856 2 19
857 2 19
858 2 19
859 2 19
860 2 19
861 2 19
862 2 19
863 2 19
864 2 20
865 2 20
866 2 20
867 2 20
868 2 20
869 2 20
870 2 21
871 2 21
872 2 21
873 2 21
874 2 21
875 2 21
876 2 21
877 2 22
878 2 22
879 2 22
880 2 22
881 2 22
882 2 22
883 2 22
884 2 22
885 2 22
886 2 22
887 2 23
888 2 23
889 2 22
890 2 23
891 2 23
892 2 23
893 2 23
894 2 23
895 2 23
896 2 24
897 2 24
898 2 24
899 2 24
900 2 24
901 2 24
902 2 24
903 2 24
904 2 24
905 2 25
906 2 25
907 2 25
908 2 25
909 2 25
910 2 25
911 2 25
912 2 25
913 2 25
914 2 25
915 2 26
916 2 26
917 2 26
918 2 26
919 2 26
920 2 26
921 2 26
922 2 26
923 2 26
924 2 26
925 2 26
926 2 26
927 2 26
928 2 27
929 2 27
930 2 27
931 2 27
932 2 27
933 2 27
934 2 27
935 2 27
936 2 27
937 2 28
938 2 28
939 2 28
940 2 28
941 2 28
942 2 28
943 2 28
944 2 28
945 2 28
946 2 28
947 2 28
948 2 28
949 2 28
950 2 28
951 2 29
952 2 29
953 2 29
954 2 29
955 2 29
956 2 28
957 2 29
958 2 29
959 2 29
960 2 29
961 2 29
962 2 29
963 2 29
964 2 29
965 2 29
966 2 29
967 2 29
968 2 29
969 2 29
970 2 29
971 2 29
972 2 29
973 2 30
974 2 30
975 2 30
976 2 30
977 2 30
978 2 30
979 2 30
980 2 30
981 2 30
982 2 30
983 2 30
984 2 31
985 2 30
986 2 30
987 2 30
988 2 30
989 2 30
990 3 31
991 3 31
992 3 31
993 3 31
994 3 31
995 3 31
996 3 31
997 3 31
998 3 31
999 3 31
1000 3 32
1001 3 32
1002 3 32
1003 3 32
1004 3 32
1005 3 32
1006 3 32
1007 3 32
1008 3 32
1009 3 32
1010 3 32
1011 3 32
1012 3 32
1013 3 32
1014 3 32
1015 3 32
1016 3 32
1017 3 33
1018 3 33
1019 3 33
1020 3 33
1021 3 33
1022 3 33
1023 3 33
1024 3 33
1025 3 33
1026 3 33
1027 3 33
1028 3 33
1029 3 34
1030 3 34
1031 3 34
1032 3 34
1033 3 34
1034 3 34
1035 3 34
1036 3 34
1037 3 34
1038 3 34
1039 3 34
1040 3 34
1041 3 34
1042 3 34
1043 3 34
1044 3 35
1045 3 35
1046 3 35
1047 3 35
1048 3 35
1049 3 35
1050 3 35
1051 3 35
1052 3 35
1053 3 35
1054 3 36
1055 3 36
1056 3 36
1057 3 36
1058 3 36
1059 3 36
1060 3 36
1061 3 36
1062 3 36
1063 3 36
1064 3 36
1065 3 37
1066 3 37
1067 3 37
1068 3 37
1069 3 37
1070 3 37
1071 3 37
1072 3 37
1073 3 37
1074 3 37
1075 3 38
1076 3 38
1077 3 38
1078 3 38
1079 3 38
1080 3 38
1081 3 38
1082 3 38
1083 3 38
1084 3 38
1085 3 38
1086 3 38
1087 3 38
1088 3 38
1089 3 38
1090 3 38
1091 3 38
1092 3 39
1093 3 39
1094 3 39
1095 3 39
1096 3 39
1097 3 39
1098 3 39
1099 3 39
1100 3 39
1101 3 40
1102 3 40
1103 3 40
1104 3 40
1105 3 40
1106 3 40
1107 3 40
1108 3 40
1109 3 40
1110 3 40
1111 3 41
1112 3 41
1113 3 41
1114 3 41
1115 3 41
1116 3 41
1117 3 41
1118 3 41
1119 3 41
1120 3 41
1121 3 41
1122 3 41
1123 3 41
1124 3 42
1125 4 42
1126 4 42
1127 4 42
1128 4 42
1129 4 42
1130 4 42
1131 4 42
1132 4 42
1133 4 42
1134 4 42
1135 4 42
1136 4 43
1137 4 43
1138 4 43
1139 4 43
1140 4 43
1141 4 43
1142 4 43
1143 4 43
1144 4 43
1145 4 43
1146 4 43
1147 4 43
1148 4 43
1149 4 43
1150 4 43
1151 4 43
1152 4 43
1153 4 43
1154 4 43
1155 4 44
1156 4 44
1157 4 44
1158 4 44
1159 4 44
1160 4 44
1161 4 44
1162 4 44
1163 4 44
1164 4 44
1165 4 44
1166 4 44
1167 4 44
1168 4 44
1169 4 44
1170 4 44
1171 4 44
1172 4 45
1173 4 45
1174 4 45
1175 4 45
1176 4 45
1177 4 45
1178 4 45
1179 4 45
1180 4 45
1181 4 45
1182 4 45
1183 4 45
1184 4 45
1185 4 45
1186 4 45
1187 4 45
1188 4 45
1189 4 45
1190 4 46
1191 4 46
1192 4 46
1193 4 46
1194 4 46
1195 4 46
1196 4 46
1197 4 46
1198 4 46
1199 4 46
1200 4 46
1201 4 46
1202 4 46
1203 4 47
1204 4 47
1205 4 47
1206 5 47
1207 5 47
1208 5 47
1209 5 47
1210 5 47
1211 5 47
1212 5 47
1213 5 47
1214 5 47
1215 5 47
1216 5 47
1217 5 47
1218 5 47
1219 5 47
1220 5 48
1221 5 48
1222 5 48
1223 5 48
1224 5 48
1225 5 48
1226 5 48
1227 5 48
1228 5 48
1229 5 48
1230 5 48
1231 6 48
1232 6 48
1233 6 48
1234 6 49
1235 6 49
1236 6 49
1237 6 49
1238 6 49
1239 6 49
1240 6 49
1241 6 49
1242 6 49
1243 6 49
1244 6 49
1245 6 49
1246 6 49
1247 6 49
1248 6 49
1249 6 49
1250 6 49
1251 6 49
1252 6 49
1253 6 49
1254 6 49
1255 6 49
1256 6 50
1257 6 50
1258 6 50
1259 6 50
1260 6 50
1261 6 50
1262 6 50
1263 6 50
1264 6 50
1265 6 50
1266 6 50
1267 6 50
1268 7 50
1269 7 50
1270 7 50
1271 7 50
1272 7 50
1273 7 51
1274 7 51
1275 7 51
1276 7 51
1277 7 51
1278 7 51
1279 7 51
1280 7 51
1281 7 51
1282 7 51
1283 7 51
1284 7 51
1285 7 51
1286 7 51
1287 7 51
1288 7 51
1289 7 51
1290 7 51
1291 7 52
1292 7 52
1293 7 52
1294 7 52
1295 7 52
1296 7 52
1297 7 52
1298 7 52
1299 8 52
1300 8 52
1301 8 52
1302 8 52
1303 8 52
1304 8 52
1305 8 52
1306 8 52
1307 8 52
1308 8 52
1309 8 52
1310 8 52
1311 9 52
1312 9 52
1313 9 52
1314 9 52
1315 9 52
1316 9 52
1317 9 53
1318 9 53
1319 9 53
1320 9 53
1321 10 53
1322 10 53
1323 10 53
1324 10 53
1325 10 53
1326 11 53
1327 11 53
1328 11 53
1329 11 53
1330 11 53
1331 11 53
1332 12 53
1333 12 53
1334 12 53
1335 12 53
1336 12 53
1337 13 53
1338 13 53
1339 13 53
1340 13 53
1341 13 53
1342 14 54
1343 14 54
1344 14 54
1345 14 54
1346 14 54
1347 14 54
1348 14 54
1349 14 54
1350 16 54
1351 17 54
1352 17 54
1353 18 54
1354 18 54
1355 18 54
1356 18 54
1357 18 54
1358 18 54
1359 18 54
1360 18 54
1361 20 54
1362 22 54
1363 22 54
1364 24 55
1365 29 54
1366 29 54
1367 32 55
1368 34 55
1369 34 55
1370 36 55
1371 36 55
1372 36 55
1373 36 55
1374 39 55
1375 99 55
1376 99 55
1377 100 55
