0 0 0
1 0 0
2 0 0
3 0 0
4 0 0
5 0 0
6 0 0
7 0 0
8 0 0
9 0 0
10 0 0
11 0 0
12 0 0
13 0 0
14 0 0
15 0 0
16 0 0
17 0 0
18 0 0
19 0 0
20 0 0
21 0 0
22 0 0
23 0 0
24 0 0
25 0 0
26 0 0
27 0 0
28 0 0
29 0 0
30 0 0
31 0 0
32 0 0
33 0 0
34 0 0
35 0 0
36 0 0
37 0 0
38 0 0
39 0 0
40 0 0
41 0 0
42 0 0
43 0 0
44 0 0
45 0 0
46 0 0
47 0 0
48 0 0
49 0 0
50 0 0
51 0 0
52 0 0
53 0 0
54 0 0
55 0 0
56 0 0
57 0 0
58 0 0
59 0 0
60 0 0
61 0 0
62 0 0
63 0 0
64 0 0
65 0 0
66 0 0
67 0 0
68 0 0
69 0 0
70 0 0
71 0 0
72 0 0
73 0 0
74 0 0
75 0 0
76 0 0
77 0 0
78 0 0
79 0 0
80 0 0
81 0 0
82 0 0
83 0 0
84 0 0
85 0 0
86 0 0
87 0 0
88 0 0
89 0 0
90 0 0
91 0 0
92 0 0
93 0 0
94 0 0
95 0 0
96 0 0
97 0 0
98 0 0
99 0 0
100 0 0
101 0 0
102 0 0
103 0 0
104 0 0
105 0 0
106 0 0
107 0 0
108 0 0
109 0 0
110 0 0
111 0 0
112 0 0
113 0 0
114 0 0
115 0 0
116 0 0
117 0 0
118 0 0
119 0 0
120 0 0
121 0 0
122 0 0
123 0 0
124 0 0
125 0 0
126 0 0
127 0 0
128 0 0
129 0 0
130 0 0
131 0 0
132 0 0
133 0 0
134 0 0
135 0 0
136 0 0
137 0 0
138 0 0
139 0 0
140 0 6
141 0 6
142 0 11
143 0 16
144 0 16
145 0 15
146 0 15
147 0 15
148 0 15
149 0 15
150 0 15
151 0 15
152 0 14
153 0 14
154 0 13
155 0 13
156 0 12
157 0 12
158 0 12
159 0 12
160 0 11
161 0 11
162 0 11
163 0 11
164 0 11
165 0 11
166 0 11
167 0 10
168 0 10
169 0 10
170 0 10
171 0 10
172 0 10
173 0 10
174 0 10
175 0 9
176 0 9
177 0 9
178 0 9
179 0 8
180 0 8
181 0 8
182 0 8
183 0 8
184 0 8
185 0 8
186 0 8
187 0 8
188 0 7
189 0 7
190 0 7
191 0 7
192 0 7
193 0 7
194 0 7
195 0 7
196 0 7
197 0 7
198 0 7
199 0 7
200 0 6
201 0 6
202 0 6
203 0 6
204 0 6
205 0 6
206 0 6
207 0 6
208 0 6
209 0 6
210 0 6
211 0 6
212 0 6
213 0 6
214 0 6
215 0 6
216 0 6
217 0 6
218 0 6
219 0 6
220 0 6
221 0 6
222 0 6
223 0 6
224 0 6
225 0 6
226 0 6
227 0 6
228 0 6
229 0 6
230 0 6
231 0 6
232 0 6
233 0 6
234 0 6
235 0 6
236 0 6
237 0 6
238 0 6
239 0 6
240 0 6
241 0 5
242 0 5
243 0 5
244 0 5
245 0 5
246 0 5
247 0 5
248 0 5
249 0 5
250 0 5
251 0 5
252 0 5
253 0 5
254 0 5
255 0 5
256 0 5
257 0 5
258 0 5
259 0 5
260 0 5
261 0 5
262 0 5
263 0 5
264 0 5
265 0 5
266 0 5
267 0 5
268 0 5
269 0 5
270 0 5
271 0 5
272 0 5
273 0 5
274 0 5
275 0 5
276 0 5
277 0 5
278 0 4
279 0 4
280 0 4
281 0 4
282 0 4
283 0 4
284 0 4
285 0 4
286 0 4
287 0 4
288 0 4
289 0 4
290 0 4
291 0 4
292 0 4
293 0 4
294 0 4
295 0 4
296 0 4
297 0 4
298 0 4
299 0 4
300 0 4
301 0 4
302 0 4
303 0 4
304 0 4
305 0 4
306 0 4
307 0 4
308 0 4
309 0 4
310 0 4
311 0 4
312 0 4
313 0 4
314 0 4
315 0 4
316 0 4
317 0 4
318 0 4
319 0 3
320 0 3
321 0 3
322 0 3
323 0 3
324 0 3
325 0 3
326 0 3
327 0 3
328 0 3
329 0 3
330 0 3
331 0 3
332 0 3
333 0 3
334 0 3
335 0 3
336 0 3
337 0 3
338 0 3
339 0 3
340 0 3
341 0 3
342 0 3
343 0 3
344 0 3
345 0 3
346 0 3
347 0 3
348 0 3
349 0 3
350 0 3
351 0 3
352 0 3
353 0 3
354 0 3
355 0 3
356 0 3
357 0 3
358 0 3
359 0 3
360 0 3
361 0 3
362 0 3
363 0 2
364 0 2
365 0 2
366 0 2
367 0 2
368 0 2
369 0 2
370 0 2
371 0 2
372 0 2
373 0 2
374 0 2
375 0 2
376 0 2
377 0 3
378 0 3
379 0 3
380 0 4
381 0 4
382 0 5
383 0 5
384 0 5
385 0 5
386 0 5
387 0 5
388 0 5
389 0 5
390 0 5
391 0 5
392 0 5
393 0 5
394 0 5
395 0 5
396 0 5
397 0 5
398 0 5
399 0 5
400 0 5
401 0 5
402 0 5
403 0 5
404 0 5
405 0 5
406 0 5
407 0 5
408 0 5
409 0 5
410 0 5
411 0 4
412 0 4
413 0 4
414 0 4
415 0 4
416 0 4
417 0 4
418 0 4
419 0 4
420 0 4
421 0 4
422 0 4
423 0 4
424 0 4
425 0 4
426 0 4
427 0 4
428 0 4
429 0 5
430 0 5
431 0 5
432 0 5
433 0 5
434 0 5
435 0 5
436 0 5
437 0 5
438 0 5
439 0 5
440 0 5
441 0 5
442 0 5
443 0 5
444 0 5
445 0 5
446 0 5
447 0 5
448 0 5
449 0 5
450 0 5
451 0 5
452 0 5
453 0 5
454 0 5
455 0 5
456 0 5
457 0 5
458 0 5
459 0 5
460 0 5
461 0 5
462 0 5
463 0 5
464 0 5
465 0 5
466 0 5
467 0 5
468 0 4
469 0 4
470 0 4
471 0 4
472 0 4
473 1 4
474 1 4
475 1 4
476 1 4
477 1 4
478 1 4
479 1 4
480 1 4
481 1 4
482 1 4
483 1 4
484 1 4
485 1 4
486 1 4
487 1 4
488 1 4
489 1 4
490 1 4
491 1 4
492 1 4
493 1 4
494 1 4
495 1 4
496 1 4
497 1 4
498 1 4
499 1 4
500 1 4
501 1 4
502 1 4
503 1 4
504 1 4
505 1 4
506 1 4
507 1 4
508 1 4
509 1 4
510 1 4
511 1 4
512 1 4
513 1 4
514 1 4
515 1 4
516 1 4
517 1 4
518 1 4
519 1 4
520 1 4
521 1 4
522 1 4
523 1 4
524 1 4
525 1 3
526 1 3
527 1 3
528 1 3
529 1 3
530 1 3
531 1 3
532 1 3
533 1 3
534 1 3
535 1 3
536 1 3
537 1 3
538 1 3
539 1 3
540 1 3
541 1 3
542 1 3
543 1 3
544 1 3
545 1 3
546 1 3
547 1 3
548 1 3
549 1 3
550 1 3
551 1 3
552 1 3
553 1 3
554 1 3
555 1 3
556 1 3
557 1 3
558 1 3
559 1 3
560 1 3
561 1 3
562 1 3
563 1 3
564 1 3
565 1 3
566 1 3
567 1 3
568 1 3
569 1 3
570 1 3
571 1 3
572 1 3
573 1 3
574 1 3
575 1 3
576 1 3
577 1 3
578 1 3
579 1 3
580 1 3
581 1 3
582 1 3
583 1 3
584 1 3
585 1 3
586 1 3
587 1 3
588 1 3
589 1 3
590 1 3
591 1 3
592 1 3
593 1 3
594 1 3
595 1 3
596 1 3
597 1 3
598 1 3
599 1 3
600 1 3
601 1 3
602 1 3
603 1 3
604 1 3
605 1 3
606 1 3
607 1 3
608 1 3
609 1 3
610 1 3
611 1 3
612 1 3
613 1 3
614 1 3
615 1 3
616 1 3
617 1 3
618 1 3
619 1 3
620 1 3
621 1 2
622 1 2
623 1 2
624 1 2
625 1 2
626 1 2
627 1 2
628 1 2
629 1 2
630 1 2
631 1 2
632 1 2
633 1 2
634 1 2
635 1 2
636 1 2
637 1 2
638 1 2
639 1 2
640 1 2
641 1 2
642 1 2
643 1 2
644 1 2
645 1 2
646 1 2
647 1 2
648 1 2
649 1 2
650 1 2
651 1 2
652 1 2
653 1 2
654 1 2
655 1 2
656 1 2
657 1 2
658 1 2
659 1 2
660 1 2
661 1 2
662 1 2
663 1 2
664 1 2
665 1 2
666 1 2
667 1 2
668 1 2
669 1 2
670 1 2
671 1 2
672 1 2
673 1 2
674 1 2
675 1 2
676 1 2
677 1 2
678 1 2
679 1 2
680 1 2
681 1 2
682 1 2
683 1 2
684 1 2
685 1 2
686 1 2
687 1 2
688 1 2
689 1 2
690 1 2
691 1 2
692 1 2
693 1 2
694 1 2
695 1 2
696 1 2
697 1 2
698 1 2
699 1 2
700 1 2
701 1 2
702 1 2
703 1 2
704 1 2
705 1 2
706 1 2
707 1 2
708 1 2
709 1 2
710 1 2
711 1 2
712 1 2
713 1 2
714 1 2
715 1 2
716 1 2
717 1 2
718 1 2
719 1 2
720 1 2
721 1 2
722 1 2
723 1 2
724 1 2
725 1 2
726 1 2
727 1 2
728 1 2
729 1 2
730 1 2
731 1 2
732 1 2
733 1 2
734 1 2
735 1 2
736 1 2
737 1 2
738 1 2
739 1 2
740 1 2
741 1 2
742 1 2
743 1 2
744 1 2
745 1 2
746 1 2
747 1 2
748 1 2
749 1 2
750 1 2
751 1 2
752 1 2
753 1 2
754 1 2
755 1 2
756 1 2
757 1 2
758 1 2
759 1 2
760 1 2
761 1 2
762 1 2
763 1 2
764 1 2
765 1 2
766 1 2
767 1 2
768 1 2
769 1 2
770 1 2
771 1 2
772 1 2
773 1 2
774 1 2
775 1 2
776 1 2
777 1 2
778 1 2
779 1 2
780 1 2
781 1 2
782 1 2
783 1 2
784 1 2
785 1 2
786 1 2
787 1 2
788 1 2
789 1 2
790 1 2
791 1 2
792 1 2
793 1 2
794 1 2
795 1 2
796 1 2
797 1 2
798 1 2
799 1 2
800 1 2
801 1 2
802 1 2
803 1 2
804 1 2
805 1 2
806 1 2
807 1 2
808 1 2
809 1 2
810 1 2
811 1 2
812 1 2
813 1 2
814 1 2
815 1 2
816 1 2
817 1 2
818 1 2
819 1 2
820 1 2
821 1 2
822 1 2
823 2 2
824 2 2
825 2 2
826 2 2
827 2 2
828 2 2
829 2 2
830 2 2
831 2 2
832 2 2
833 2 1
834 2 1
835 2 1
836 2 1
837 2 1
838 2 1
839 2 1
840 2 1
841 2 1
842 2 1
843 2 1
844 2 1
845 2 1
846 2 1
847 2 1
848 2 1
849 2 1
850 2 1
851 2 1
852 2 1
853 2 1
854 2 1
855 2 1
856 2 1
857 2 1
858 2 1
859 2 1
860 2 1
861 2 1
862 2 1
863 2 1
864 2 1
865 2 1
866 2 1
867 2 1
868 2 1
869 2 1
870 2 1
871 2 1
872 2 1
873 2 1
874 2 1
875 2 1
876 2 1
877 2 1
878 2 1
879 2 1
880 2 1
881 2 1
882 2 1
883 2 1
884 2 1
885 2 1
886 2 1
887 2 1
888 2 1
889 2 1
890 2 1
891 2 1
892 2 1
893 2 1
894 2 1
895 2 1
896 2 1
897 2 1
898 2 1
899 2 1
900 2 1
901 2 1
902 2 1
903 2 1
904 2 1
905 2 1
906 2 1
907 2 1
908 2 1
909 2 1
910 2 1
911 2 1
912 2 1
913 2 1
914 2 1
915 2 1
916 2 1
917 2 1
918 2 1
919 2 1
920 2 1
921 2 1
922 2 1
923 2 1
924 2 1
925 2 1
926 2 1
927 2 1
928 2 1
929 2 1
930 2 1
931 2 1
932 2 1
933 2 1
934 2 1
935 2 1
936 2 1
937 2 1
938 2 1
939 2 1
940 2 1
941 2 1
942 2 1
943 2 1
944 2 1
945 2 1
946 2 1
947 2 1
948 2 1
949 2 1
950 2 1
951 2 1
952 2 1
953 2 1
954 2 1
955 2 1
956 2 1
957 2 1
958 2 1
959 2 1
960 2 1
961 2 1
962 2 1
963 2 1
964 2 1
965 2 1
966 2 1
967 2 1
968 2 1
969 2 1
970 2 1
971 2 1
972 2 1
973 2 1
974 2 1
975 2 1
976 2 1
977 2 1
978 2 1
979 2 1
980 2 1
981 2 1
982 2 1
983 2 1
984 2 1
985 2 1
986 2 1
987 2 1
988 2 1
989 2 1
990 3 1
991 3 1
992 3 1
993 3 1
994 3 1
995 3 1
996 3 1
997 3 1
998 3 1
999 3 1
1000 3 1
1001 3 1
1002 3 1
1003 3 1
1004 3 1
1005 3 1
1006 3 1
1007 3 1
1008 3 1
1009 3 1
1010 3 1
1011 3 1
1012 3 1
1013 3 1
1014 3 1
1015 3 1
1016 3 1
1017 3 1
1018 3 1
1019 3 1
1020 3 1
1021 3 1
1022 3 1
1023 3 1
1024 3 1
1025 3 1
1026 3 1
1027 3 1
1028 3 1
1029 3 1
1030 3 1
1031 3 1
1032 3 1
1033 3 1
1034 3 1
1035 3 1
1036 3 1
1037 3 1
1038 3 1
1039 3 1
1040 3 1
1041 3 1
1042 3 1
1043 3 1
1044 3 1
1045 3 1
1046 3 1
1047 3 1
1048 3 1
1049 3 1
1050 3 1
1051 3 1
1052 3 1
1053 3 1
1054 3 1
1055 3 1
1056 3 1
1057 3 1
1058 3 1
1059 3 1
1060 3 1
1061 3 1
1062 3 1
1063 3 1
1064 3 1
1065 3 1
1066 3 1
1067 3 1
1068 3 1
1069 3 1
1070 3 1
1071 3 1
1072 3 1
1073 3 1
1074 3 1
1075 3 1
1076 3 1
1077 3 1
1078 3 1
1079 3 1
1080 3 1
1081 3 1
1082 3 1
1083 3 1
1084 3 1
1085 3 1
1086 3 1
1087 3 1
1088 3 1
1089 3 1
1090 3 1
1091 3 1
1092 3 1
1093 3 1
1094 3 1
1095 3 1
1096 3 1
1097 3 1
1098 3 1
1099 3 1
1100 3 1
1101 3 1
1102 3 1
1103 3 1
1104 3 1
1105 3 1
1106 3 1
1107 3 1
1108 3 1
1109 3 1
1110 3 1
1111 3 1
1112 3 1
1113 3 1
1114 3 1
1115 3 1
1116 3 1
1117 3 1
1118 3 1
1119 3 1
1120 3 1
1121 3 1
1122 3 1
1123 3 1
1124 3 1
1125 4 1
1126 4 1
1127 4 1
1128 4 1
1129 4 1
1130 4 1
1131 4 1
1132 4 1
1133 4 1
1134 4 1
1135 4 1
1136 4 1
1137 4 1
1138 4 1
1139 4 1
1140 4 1
1141 4 1
1142 4 1
1143 4 1
1144 4 1
1145 4 1
1146 4 1
1147 4 1
1148 4 1
1149 4 1
1150 4 1
1151 4 1
1152 4 1
1153 4 1
1154 4 1
1155 4 1
1156 4 1
1157 4 1
1158 4 1
1159 4 1
1160 4 1
1161 4 1
1162 4 1
1163 4 1
1164 4 1
1165 4 1
1166 4 1
1167 4 1
1168 4 1
1169 4 1
1170 4 1
1171 4 1
1172 4 1
1173 4 1
1174 4 1
1175 4 1
1176 4 1
1177 4 1
1178 4 1
1179 4 1
1180 4 1
1181 4 1
1182 4 1
1183 4 1
1184 4 1
1185 4 1
1186 4 1
1187 4 1
1188 4 1
1189 4 1
1190 4 1
1191 4 1
1192 4 1
1193 4 1
1194 4 1
1195 4 1
1196 4 1
1197 4 1
1198 4 1
1199 4 1
1200 4 1
1201 4 1
1202 4 1
1203 4 1
1204 4 1
1205 4 1
1206 5 1
1207 5 1
1208 5 1
1209 5 1
1210 5 1
1211 5 1
1212 5 1
1213 5 1
1214 5 1
1215 5 1
1216 5 1
1217 5 1
1218 5 1
1219 5 1
1220 5 1
1221 5 1
1222 5 1
1223 5 1
1224 5 1
1225 5 1
1226 5 1
1227 5 1
1228 5 1
1229 5 1
1230 5 1
1231 6 1
1232 6 1
1233 6 1
1234 6 1
1235 6 1
1236 6 1
1237 6 1
1238 6 1
1239 6 1
1240 6 1
1241 6 1
1242 6 1
1243 6 1
1244 6 1
1245 6 1
1246 6 1
1247 6 1
1248 6 1
1249 6 1
1250 6 1
1251 6 1
1252 6 1
1253 6 1
1254 6 1
1255 6 1
1256 6 1
1257 6 1
1258 6 1
1259 6 1
1260 6 1
1261 6 1
1262 6 1
1263 6 1
1264 6 1
1265 6 1
1266 6 1
1267 6 1
1268 7 1
1269 7 1
1270 7 1
1271 7 1
1272 7 1
1273 7 1
1274 7 1
1275 7 1
1276 7 1
1277 7 1
1278 7 1
1279 7 1
1280 7 1
1281 7 1
1282 7 1
1283 7 1
1284 7 1
1285 7 1
1286 7 1
1287 7 1
1288 7 1
1289 7 1
1290 7 1
1291 7 1
1292 7 1
1293 7 1
1294 7 1
1295 7 1
1296 7 1
1297 7 1
1298 7 1
1299 8 1
1300 8 1
1301 8 1
1302 8 1
1303 8 1
1304 8 1
1305 8 1
1306 8 1
1307 8 1
1308 8 1
1309 8 1
1310 8 1
1311 9 1
1312 9 1
1313 9 1
1314 9 1
1315 9 1
1316 9 1
1317 9 1
1318 9 1
1319 9 1
1320 9 1
1321 10 1
1322 10 1
1323 10 1
1324 10 1
1325 10 1
1326 11 1
1327 11 1
1328 11 1
1329 11 1
1330 11 1
1331 11 1
1332 12 1
1333 12 1
1334 12 1
1335 12 1
1336 12 1
1337 13 1
1338 13 1
1339 13 1
1340 13 1
1341 13 1
1342 14 1
1343 14 1
1344 14 1
1345 14 1
1346 14 1
1347 14 1
1348 14 2
1349 14 2
1350 16 2
1351 17 2
1352 17 2
1353 18 2
1354 18 2
1355 18 2
1356 18 2
1357 18 2
1358 18 2
1359 18 2
1360 18 2
1361 20 2
1362 22 2
1363 22 2
1364 24 2
1365 29 2
1366 29 2
1367 32 2
1368 34 2
1369 34 2
1370 36 2
1371 36 2
1372 36 2
1373 36 2
1374 39 2
1375 99 2
1376 99 2
1377 100 2
