0 0 0
1 0 0
2 0 0
3 0 0
4 0 0
5 0 0
6 0 0
7 0 100
8 0 100
9 0 100
10 0 100
11 0 100
12 0 100
13 0 100
14 0 100
15 0 100
16 0 100
17 0 100
18 0 100
19 0 100
20 0 100
21 0 100
22 0 100
23 0 100
24 0 100
25 0 100
26 0 100
27 0 100
28 0 100
29 0 100
30 0 100
31 0 100
32 0 100
33 0 100
34 0 100
35 0 100
36 0 100
37 0 100
38 0 100
39 0 100
40 0 100
41 0 100
42 0 100
43 0 100
44 0 100
45 0 100
46 0 66
47 0 66
48 0 66
49 0 66
50 0 66
51 0 66
52 0 66
53 0 66
54 0 66
55 0 66
56 0 66
57 0 50
58 0 50
59 0 50
60 0 50
61 0 50
62 0 50
63 0 50
64 0 50
65 0 50
66 0 40
67 0 40
68 0 40
69 0 40
70 0 40
71 0 40
72 0 40
73 0 40
74 0 40
75 0 40
76 0 40
77 0 40
78 0 40
79 0 40
80 0 40
81 0 40
82 0 40
83 0 40
84 0 40
85 0 40
86 0 40
87 0 40
88 0 40
89 0 40
90 0 40
91 0 40
92 0 40
93 0 40
94 0 40
95 0 40
96 0 40
97 0 40
98 0 40
99 0 50
100 0 50
101 0 42
102 0 37
103 0 37
104 0 33
105 0 33
106 0 33
107 0 33
108 0 30
109 0 30
110 0 30
111 0 30
112 0 30
113 0 36
114 0 33
115 0 33
116 0 33
117 0 30
118 0 30
119 0 30
120 0 30
121 0 30
122 0 30
123 0 30
124 0 30
125 0 30
126 0 30
127 0 30
128 0 28
129 0 28
130 0 28
131 0 28
132 0 28
133 0 28
134 0 28
135 0 28
136 0 28
137 0 28
138 0 28
139 0 28
140 0 26
141 0 25
142 0 23
143 0 22
144 0 22
145 0 21
146 0 21
147 0 21
148 0 21
149 0 21
150 0 20
151 0 20
152 0 19
153 0 19
154 0 18
155 0 17
156 0 16
157 0 16
158 0 16
159 0 16
160 0 15
161 0 15
162 0 15
163 0 15
164 0 15
165 0 15
166 0 14
167 0 14
168 0 13
169 0 13
170 0 13
171 0 13
172 0 13
173 0 13
174 0 13
175 0 12
176 0 12
177 0 12
178 0 12
179 0 11
180 0 11
181 0 11
182 0 11
183 0 11
184 0 11
185 0 11
186 0 11
187 0 10
188 0 10
189 0 10
190 0 10
191 0 10
192 0 10
193 0 10
194 0 10
195 0 9
196 0 9
197 0 9
198 0 9
199 0 9
200 0 9
201 0 9
202 0 9
203 0 8
204 0 8
205 0 8
206 0 8
207 0 8
208 0 8
209 0 8
210 0 8
211 0 8
212 0 8
213 0 8
214 0 8
215 0 8
216 0 8
217 0 8
218 0 8
219 0 8
220 0 8
221 0 8
222 0 8
223 0 8
224 0 8
225 0 8
226 0 8
227 0 8
228 0 8
229 0 8
230 0 8
231 0 8
232 0 10
233 0 10
234 0 10
235 0 10
236 0 10
237 0 10
238 0 10
239 0 10
240 0 10
241 0 9
242 0 9
243 0 9
244 0 9
245 0 9
246 0 9
247 0 9
248 0 9
249 0 9
250 0 9
251 0 9
252 0 9
253 0 9
254 0 9
255 0 9
256 0 9
257 0 8
258 0 10
259 0 10
260 0 10
261 0 10
262 0 10
263 0 10
264 0 10
265 0 10
266 0 10
267 0 10
268 0 10
269 0 11
270 0 13
271 0 13
272 0 13
273 0 13
274 0 13
275 0 13
276 0 13
277 0 13
278 0 13
279 0 12
280 0 12
281 0 12
282 0 12
283 0 12
284 0 12
285 0 12
286 0 12
287 0 12
288 0 12
289 0 12
290 0 12
291 0 12
292 0 12
293 0 12
294 0 12
295 0 12
296 0 11
297 0 11
298 0 11
299 0 11
300 0 11
301 0 11
302 0 11
303 0 11
304 0 11
305 0 11
306 0 11
307 0 11
308 0 11
309 0 11
310 0 10
311 0 10
312 0 10
313 0 10
314 0 10
315 0 10
316 0 10
317 0 10
318 0 10
319 0 10
320 0 10
321 0 10
322 0 10
323 0 10
324 0 10
325 0 10
326 0 10
327 0 10
328 0 9
329 0 9
330 0 9
331 0 9
332 0 9
333 0 9
334 0 9
335 0 9
336 0 9
337 0 9
338 0 9
339 0 9
340 0 9
341 0 9
342 0 9
343 0 8
344 0 8
345 0 8
346 0 8
347 0 8
348 0 8
349 0 8
350 0 8
351 0 8
352 0 8
353 0 9
354 0 9
355 0 9
356 0 9
357 0 9
358 0 9
359 0 9
360 0 9
361 0 9
362 0 9
363 0 8
364 0 8
365 0 8
366 0 8
367 0 9
368 0 9
369 0 9
370 0 9
371 0 9
372 0 9
373 0 9
374 0 9
375 0 9
376 0 9
377 0 9
378 0 9
379 0 9
380 0 9
381 0 9
382 0 9
383 0 9
384 0 9
385 0 9
386 0 9
387 0 9
388 0 9
389 0 9
390 0 8
391 0 8
392 0 8
393 0 8
394 0 9
395 0 9
396 0 10
397 0 10
398 0 10
399 0 10
400 0 10
401 0 10
402 0 10
403 0 10
404 0 10
405 0 10
406 0 10
407 0 10
408 0 10
409 0 10
410 0 10
411 0 10
412 0 10
413 0 10
414 0 10
415 0 10
416 0 10
417 0 10
418 0 10
419 0 10
420 0 10
421 0 10
422 0 10
423 0 10
424 0 10
425 0 10
426 0 10
427 0 10
428 0 10
429 0 10
430 0 10
431 0 10
432 0 10
433 0 10
434 0 10
435 0 10
436 0 10
437 0 10
438 0 10
439 0 10
440 0 10
441 0 10
442 0 10
443 0 10
444 0 10
445 0 10
446 0 9
447 0 9
448 0 9
449 0 9
450 0 9
451 0 9
452 0 9
453 0 9
454 0 9
455 0 9
456 0 9
457 0 9
458 0 9
459 0 9
460 0 9
461 0 9
462 0 9
463 0 9
464 0 9
465 0 9
466 0 9
467 0 9
468 0 9
469 0 9
470 0 9
471 0 9
472 0 9
473 1 9
474 1 8
475 1 8
476 1 8
477 1 8
478 1 8
479 1 8
480 1 8
481 1 8
482 1 8
483 1 8
484 1 8
485 1 8
486 1 8
487 1 8
488 1 8
489 1 8
490 1 8
491 1 8
492 1 8
493 1 8
494 1 8
495 1 8
496 1 8
497 1 8
498 1 7
499 1 7
500 1 7
501 1 7
502 1 7
503 1 7
504 1 7
505 1 7
506 1 7
507 1 7
508 1 7
509 1 7
510 1 7
511 1 7
512 1 7
513 1 7
514 1 7
515 1 7
516 1 7
517 1 7
518 1 7
519 1 7
520 1 7
521 1 7
522 1 7
523 1 7
524 1 7
525 1 7
526 1 7
527 1 7
528 1 7
529 1 7
530 1 7
531 1 7
532 1 7
533 1 7
534 1 7
535 1 7
536 1 7
537 1 7
538 1 7
539 1 7
540 1 7
541 1 7
542 1 7
543 1 7
544 1 7
545 1 7
546 1 7
547 1 7
548 1 7
549 1 6
550 1 6
551 1 6
552 1 6
553 1 6
554 1 6
555 1 6
556 1 6
557 1 6
558 1 6
559 1 6
560 1 6
561 1 6
562 1 6
563 1 6
564 1 6
565 1 6
566 1 6
567 1 6
568 1 6
569 1 6
570 1 7
571 1 7
572 1 6
573 1 6
574 1 6
575 1 6
576 1 6
577 1 6
578 1 6
579 1 6
580 1 6
581 1 6
582 1 6
583 1 6
584 1 6
585 1 6
586 1 6
587 1 6
588 1 6
589 1 6
590 1 6
591 1 6
592 1 6
593 1 6
594 1 6
595 1 6
596 1 6
597 1 6
598 1 6
599 1 6
600 1 6
601 1 6
602 1 6
603 1 6
604 1 6
605 1 6
606 1 6
607 1 6
608 1 6
609 1 6
610 1 6
611 1 6
612 1 6
613 1 6
614 1 6
615 1 6
616 1 6
617 1 6
618 1 6
619 1 6
620 1 6
621 1 6
622 1 6
623 1 6
624 1 6
625 1 6
626 1 6
627 1 6
628 1 6
629 1 6
630 1 6
631 1 6
632 1 6
633 1 6
634 1 6
635 1 6
636 1 6
637 1 6
638 1 6
639 1 6
640 1 6
641 1 6
642 1 6
643 1 6
644 1 6
645 1 6
646 1 6
647 1 6
648 1 6
649 1 6
650 1 6
651 1 6
652 1 6
653 1 6
654 1 6
655 1 6
656 1 6
657 1 6
658 1 6
659 1 6
660 1 6
661 1 6
662 1 6
663 1 6
664 1 6
665 1 6
666 1 6
667 1 6
668 1 6
669 1 6
670 1 6
671 1 6
672 1 6
673 1 6
674 1 6
675 1 6
676 1 5
677 1 5
678 1 5
679 1 5
680 1 5
681 1 5
682 1 5
683 1 5
684 1 5
685 1 5
686 1 5
687 1 5
688 1 5
689 1 5
690 1 5
691 1 5
692 1 5
693 1 5
694 1 5
695 1 5
696 1 5
697 1 5
698 1 5
699 1 6
700 1 6
701 1 6
702 1 6
703 1 6
704 1 6
705 1 6
706 1 6
707 1 6
708 1 6
709 1 5
710 1 5
711 1 5
712 1 5
713 1 5
714 1 5
715 1 5
716 1 5
717 1 5
718 1 5
719 1 5
720 1 5
721 1 5
722 1 5
723 1 5
724 1 5
725 1 6
726 1 6
727 1 6
728 1 6
729 1 6
730 1 6
731 1 6
732 1 6
733 1 6
734 1 7
735 1 7
736 1 7
737 1 7
738 1 7
739 1 7
740 1 7
741 1 7
742 1 7
743 1 7
744 1 7
745 1 7
746 1 7
747 1 7
748 1 7
749 1 7
750 1 7
751 1 7
752 1 7
753 1 7
754 1 7
755 1 7
756 1 8
757 1 8
758 1 8
759 1 8
760 1 8
761 1 8
762 1 8
763 1 8
764 1 8
765 1 8
766 1 8
767 1 8
768 1 8
769 1 8
770 1 8
771 1 8
772 1 8
773 1 8
774 1 8
775 1 8
776 1 8
777 1 8
778 1 8
779 1 8
780 1 8
781 1 8
782 1 8
783 1 8
784 1 8
785 1 8
786 1 8
787 1 8
788 1 8
789 1 8
790 1 8
791 1 8
792 1 8
793 1 8
794 1 8
795 1 8
796 1 8
797 1 8
798 1 8
799 1 8
800 1 8
801 1 8
802 1 8
803 1 8
804 1 8
805 1 8
806 1 8
807 1 8
808 1 8
809 1 8
810 1 8
811 1 8
812 1 8
813 1 7
814 1 8
815 1 8
816 1 8
817 1 8
818 1 8
819 1 8
820 1 8
821 1 8
822 1 8
823 2 8
824 2 8
825 2 8
826 2 8
827 2 8
828 2 8
829 2 8
830 2 8
831 2 8
832 2 8
833 2 8
834 2 8
835 2 8
836 2 8
837 2 8
838 2 8
839 2 8
840 2 8
841 2 8
842 2 8
843 2 8
844 2 8
845 2 8
846 2 8
847 2 8
848 2 8
849 2 8
850 2 8
851 2 8
852 2 8
853 2 8
854 2 8
855 2 8
856 2 8
857 2 8
858 2 8
859 2 8
860 2 8
861 2 8
862 2 8
863 2 8
864 2 8
865 2 8
866 2 8
867 2 8
868 2 8
869 2 8
870 2 8
871 2 8
872 2 8
873 2 8
874 2 8
875 2 8
876 2 8
877 2 8
878 2 8
879 2 8
880 2 8
881 2 8
882 2 8
883 2 8
884 2 8
885 2 8
886 2 8
887 2 8
888 2 8
889 2 8
890 2 8
891 2 8
892 2 8
893 2 8
894 2 8
895 2 8
896 2 8
897 2 8
898 2 8
899 2 8
900 2 8
901 2 8
902 2 8
903 2 9
904 2 9
905 2 9
906 2 9
907 2 9
908 2 9
909 2 9
910 2 9
911 2 9
912 2 9
913 2 9
914 2 9
915 2 9
916 2 8
917 2 8
918 2 8
919 2 8
920 2 8
921 2 8
922 2 8
923 2 8
924 2 8
925 2 8
926 2 8
927 2 8
928 2 8
929 2 8
930 2 8
931 2 9
932 2 9
933 2 9
934 2 9
935 2 9
936 2 8
937 2 9
938 2 9
939 2 9
940 2 9
941 2 9
942 2 9
943 2 9
944 2 9
945 2 9
946 2 9
947 2 9
948 2 9
949 2 9
950 2 9
951 2 9
952 2 9
953 2 9
954 2 9
955 2 9
956 2 9
957 2 9
958 2 9
959 2 9
960 2 9
961 2 9
962 2 9
963 2 9
964 2 9
965 2 9
966 2 9
967 2 9
968 2 9
969 2 9
970 2 9
971 2 9
972 2 9
973 2 9
974 2 9
975 2 9
976 2 9
977 2 9
978 2 9
979 2 9
980 2 9
981 2 10
982 2 10
983 2 10
984 2 10
985 2 10
986 2 10
987 2 10
988 2 10
989 2 10
990 3 9
991 3 10
992 3 10
993 3 10
994 3 10
995 3 10
996 3 10
997 3 10
998 3 10
999 3 10
1000 3 10
1001 3 10
1002 3 10
1003 3 10
1004 3 10
1005 3 10
1006 3 10
1007 3 10
1008 3 11
1009 3 10
1010 3 10
1011 3 10
1012 3 10
1013 3 11
1014 3 11
1015 3 11
1016 3 11
1017 3 11
1018 3 11
1019 3 11
1020 3 11
1021 3 11
1022 3 11
1023 3 11
1024 3 11
1025 3 11
1026 3 11
1027 3 11
1028 3 11
1029 3 11
1030 3 11
1031 3 11
1032 3 11
1033 3 11
1034 3 11
1035 3 11
1036 3 11
1037 3 11
1038 3 11
1039 3 11
1040 3 11
1041 3 11
1042 3 11
1043 3 11
1044 3 11
1045 3 11
1046 3 11
1047 3 11
1048 3 11
1049 3 11
1050 3 11
1051 3 11
1052 3 11
1053 3 11
1054 3 11
1055 3 11
1056 3 12
1057 3 12
1058 3 12
1059 3 12
1060 3 12
1061 3 12
1062 3 12
1063 3 12
1064 3 12
1065 3 12
1066 3 12
1067 3 12
1068 3 12
1069 3 12
1070 3 12
1071 3 12
1072 3 12
1073 3 12
1074 3 12
1075 3 12
1076 3 12
1077 3 12
1078 3 12
1079 3 12
1080 3 12
1081 3 12
1082 3 12
1083 3 12
1084 3 12
1085 3 12
1086 3 12
1087 3 12
1088 3 12
1089 3 13
1090 3 13
1091 3 12
1092 3 13
1093 3 13
1094 3 13
1095 3 13
1096 3 13
1097 3 13
1098 3 13
1099 3 13
1100 3 12
1101 3 12
1102 3 13
1103 3 13
1104 3 13
1105 3 13
1106 3 13
1107 3 13
1108 3 13
1109 3 13
1110 3 13
1111 3 13
1112 3 13
1113 3 13
1114 3 13
1115 3 13
1116 3 13
1117 3 13
1118 3 13
1119 3 13
1120 3 13
1121 3 13
1122 3 13
1123 3 13
1124 3 13
1125 4 13
1126 4 13
1127 4 13
1128 4 13
1129 4 13
1130 4 13
1131 4 13
1132 4 13
1133 4 13
1134 4 13
1135 4 13
1136 4 13
1137 4 14
1138 4 14
1139 4 14
1140 4 14
1141 4 14
1142 4 14
1143 4 14
1144 4 14
1145 4 14
1146 4 14
1147 4 14
1148 4 14
1149 4 14
1150 4 14
1151 4 14
1152 4 14
1153 4 14
1154 4 14
1155 4 14
1156 4 14
1157 4 14
1158 4 14
1159 4 14
1160 4 14
1161 4 14
1162 4 14
1163 4 14
1164 4 14
1165 4 14
1166 4 14
1167 4 14
1168 4 14
1169 4 14
1170 4 14
1171 4 14
1172 4 14
1173 4 14
1174 4 14
1175 4 14
1176 4 14
1177 4 14
1178 4 14
1179 4 14
1180 4 14
1181 4 14
1182 4 14
1183 4 14
1184 4 14
1185 4 15
1186 4 15
1187 4 15
1188 4 15
1189 4 15
1190 4 15
1191 4 15
1192 4 15
1193 4 15
1194 4 15
1195 4 15
1196 4 15
1197 4 15
1198 4 15
1199 4 15
1200 4 15
1201 4 15
1202 4 15
1203 4 16
1204 4 16
1205 4 16
1206 5 16
1207 5 16
1208 5 16
1209 5 16
1210 5 16
1211 5 16
1212 5 16
1213 5 16
1214 5 16
1215 5 16
1216 5 16
1217 5 16
1218 5 16
1219 5 16
1220 5 16
1221 5 16
1222 5 16
1223 5 17
1224 5 17
1225 5 16
1226 5 16
1227 5 16
1228 5 17
1229 5 17
1230 5 17
1231 6 17
1232 6 17
1233 6 17
1234 6 17
1235 6 17
1236 6 17
1237 6 17
1238 6 17
1239 6 17
1240 6 17
1241 6 17
1242 6 18
1243 6 18
1244 6 18
1245 6 18
1246 6 18
1247 6 18
1248 6 18
1249 6 18
1250 6 18
1251 6 18
1252 6 18
1253 6 17
1254 6 17
1255 6 18
1256 6 18
1257 6 18
1258 6 18
1259 6 18
1260 6 18
1261 6 18
1262 6 18
1263 6 18
1264 6 18
1265 6 18
1266 6 18
1267 6 18
1268 7 18
1269 7 18
1270 7 18
1271 7 18
1272 7 18
1273 7 18
1274 7 18
1275 7 18
1276 7 18
1277 7 18
1278 7 18
1279 7 18
1280 7 18
1281 7 18
1282 7 18
1283 7 18
1284 7 19
1285 7 19
1286 7 19
1287 7 19
1288 7 19
1289 7 19
1290 7 19
1291 7 19
1292 7 19
1293 7 19
1294 7 19
1295 7 19
1296 7 19
1297 7 19
1298 7 19
1299 8 19
1300 8 19
1301 8 19
1302 8 19
1303 8 19
1304 8 19
1305 8 19
1306 8 19
1307 8 19
1308 8 19
1309 8 19
1310 8 19
1311 9 19
1312 9 19
1313 9 19
1314 9 19
1315 9 19
1316 9 19
1317 9 19
1318 9 19
1319 9 19
1320 9 19
1321 10 19
1322 10 19
1323 10 19
1324 10 20
1325 10 20
1326 11 20
1327 11 20
1328 11 20
1329 11 20
1330 11 20
1331 11 20
1332 12 20
1333 12 20
1334 12 20
1335 12 21
1336 12 21
1337 13 21
1338 13 21
1339 13 21
1340 13 21
1341 13 21
1342 14 21
1343 14 21
1344 14 21
1345 14 21
1346 14 21
1347 14 21
1348 14 22
1349 14 22
1350 16 22
1351 17 22
1352 17 22
1353 18 22
1354 18 22
1355 18 22
1356 18 22
1357 18 22
1358 18 22
1359 18 23
1360 18 23
1361 20 23
1362 22 23
1363 22 23
1364 24 23
1365 29 23
1366 29 23
1367 32 23
1368 34 23
1369 34 24
1370 36 24
1371 36 24
1372 36 24
1373 36 24
1374 39 24
1375 99 24
1376 99 24
1377 100 24
